2=true=1,3,1985
4=false=1,5,8,9,1985
3=true=2,1982,4166
1=true=1930,2,4,9,1985
5=false=4,8,22,1985,4143,4164
6=true=12,26,4165
7=false=1985,4163,4166
8=false=4,5,9,10,22
12=true=6,14,1983
10=false=8,9,18,20,22
9=true=1,4,8,10,11,18
13=true=15,1775,4141,4149
15=true=13,1984,4149
14=true=12,4142,4149,1983
11=true=9,18,4113,4114,4151
16=true=4143,4163,4164
17=true=22,4143,4144
18=false=9,10,11,4114
19=true=27,29,31,4113,4123,4152
22=false=5,8,10,17,20,4143
20=true=10,21,22,2752
25=true=
24=true=23,4145
26=true=6,4163,4165,4166
23=true=24,2752
27=true=1930,19,28,29,4123
28=true=27,29,30,31
30=true=28,31,32,33
29=false=19,27,28,31,4123
32=false=30,31,33,309,1776,4124
21=true=20,315
33=true=30,32,34,310,1961
31=false=4152,19,28,29,30,32,4124
34=true=33,274,310,311,1842
35=true=36,39
38=true=37,1935,4241
39=true=35,40,271,1935
36=true=35,37,1842
37=true=36,38,1834,1842,4241
40=true=39,41,270,271,767
44=true=53,54,1775,1857,4141
42=true=41,767,1841,2958
45=true=1775,1857,2996
43=true=41,1841,2995,2997
41=true=40,42,43,767
46=true=47,51,2993,2996
48=true=49,1858,2995
47=true=46,2993,2994
50=false=49,51,1759,1763,2969,2993,2994
49=false=48,50,254,1858,2963,2969,2994,2995
51=false=46,50,52,53,1759,2964,2993,2996
52=false=51,57,58,1759,2964
53=false=44,51,54,57,1758,1857,2964,2996
54=true=4141,44,53,1758,1874,2971
55=true=56,1874,1931,2971
56=false=55,86,1931,2971,2972,2973,4382
58=false=52,57,59,62,1759
57=false=52,53,58,62,63,1758,1762,2964,2972
59=false=58,61,62,1759,1763,2965
60=false=61,1763,1771,2966,2970,4238
61=false=59,60,1763,1771,2965,2967
62=false=57,58,59,63,2965
63=false=57,62,66,79,1762,2965
64=false=65,76,133,2955,2956,2957
65=false=64,73,76,1868,2955
66=false=63,67,71,79,1757,2965,2967
67=false=66,71,1757,2957
68=false=69,73,1868,1872,2955
70=false=69,71,72,74,77,1872
69=false=68,70,72,73,1870,1872,1873
72=false=69,70,74,75,1869,1870,1880
71=false=66,67,70,77,78,79,1872,2955,2957
74=false=70,72,75,77,1761
75=false=72,74,188,189,1761,1880
73=false=65,68,69,76,110,1768,1868,1873
76=false=64,65,73,132,133
77=false=70,71,74,78,1761
80=false=94,188,1760,1761,1878
79=false=63,66,71,78,81,1762
78=false=71,77,79,81,83,1760,1761,1876
81=false=78,79,82,83,1762,1876,2972
82=false=81,83,84,86,2972
85=false=84,1742,1760,1878,2975
83=false=78,81,82,84,1760,1876
84=false=82,83,85,86,1760,2975
87=true=88,89,90
86=false=56,82,84,2972,2973,2975
88=false=87,89,90,91,182,1743
89=true=87,88,167,182
90=true=87,88,91,1865
91=false=88,90,92,181,1743,1865,1866
92=false=91,1744,1865,1866,2974
93=false=94,181,1742,1866,1878,2974
94=false=80,93,181,187,188,1878
96=true=1865,95,1744,4383
95=false=96,98,99,1742,1744,2974,2975,4383
97=true=100,98,4383
98=true=95,97,99,4383
99=true=95,98,2973,2975,4381
100=true=97,4381,4382
101=true=105,2979,2980,2992
102=true=1875,2991,2992
103=false=1871,1875,2979,2981
105=false=101,106,109,1862,2979,2980
106=false=105,109,113,114,116,2980
104=false=107,166,1862,2979
108=true=107,109,110,113,1774
109=false=105,106,107,108,113,1862
107=false=104,108,109,110,1862
110=false=73,107,108,1768,1774
112=true=1774
111=true=128,1768,1769,1774
113=true=106,108,109,114
114=true=106,113,116,2977,2978
115=true=116,117,2980
116=false=106,114,115,117,2978,2980
117=true=115,116,118,2976,2978
119=true=120,2976,2977
118=true=117,120,121,2976
120=true=118,119,121,2976,2985
121=true=118,120,2983,2985
122=true=1933,1934
126=true=
124=true=123,125,2982
123=true=124,2984
125=true=124,2982
127=true=1247,2986
128=false=111,129,132,1768,1769,1863
130=true=129,1769,1826
129=false=128,130,131,152,1769,1826,1863
132=false=76,128,133,134,1863
131=false=129,152,1767,1826,1828
133=false=64,76,132,134,1770,2956,2968
134=false=132,133,135,1770,1772,1863
137=true=136,138,139,1831
135=false=134,152,1772,1863,1864,4240
138=true=137,1766,1827,1831,4175
139=false=136,137,140,1828,1831,3002
136=true=137,139,1826,1828
140=false=139,1767,1828,3002,4173,4239
141=false=1827,1954,3000,3002,4176,4239
143=true=144,1853,3001,4174,4175
142=true=144
145=true=1773
144=true=142,1773,143,146,147,1853
147=true=144,146,148,1853
146=true=164,3003,144,147,1773
151=true=316,149,1764
150=false=159,160,161,1764,1765,2746,2750
148=true=147,149,1765,1853,2750,3001
149=true=2296,148,151,1764,2750
152=false=129,131,135,1767,1863,1864
154=false=153,1318,1772,4236
156=false=155,160,1951,1954,2746,4176
153=false=154,155,1318,1772,1864,4125,4126,4240
155=false=153,156,157,1951,1953,1954,4125,4126
157=false=155,162,1951,1952,1953,4127
158=false=1952,4127,4128
160=false=150,156,161,1951,2746,4128
159=true=150,161,1756,1764,2998
161=false=150,159,160,2998,4128
162=false=157,1318,1952,1953,2424,2960,4125
163=true=
164=true=146,3003
165=false=166,193,1867,1869,1880
166=false=104,165,1869,1870,1871,1873
169=true=170,171,4384,4385
167=true=89,168,182,4388
168=true=167,1879,4385,4388
170=true=169,171
173=true=174,175,176,210
171=true=169,170,172,4384
172=true=171,177,178,4384,4386
175=false=173,174,176,196,4112
176=false=173,175,196
174=true=173,175,194,4111,4112,4387
177=false=172,178,1879,4384,4385,4389
178=false=172,177,180,4386,4389
181=false=91,93,94,186,187,1743,1866
179=false=180,184,185,190,191,195,4389
180=false=178,179,195,4111,4386,4387,4389
182=false=88,89,167,183,186,1743,4388
183=false=182,184,185,186,4388
184=false=179,183,185,4388,4389
185=false=179,183,184,186,191,4390,4392
188=false=75,80,94,187,189,1761
186=false=181,182,183,185,187,1743,4390
187=false=94,181,186,188,189,192,193,4390,4392
189=false=75,187,188,193,1880
191=false=179,185,190,1877,4392
190=false=179,191,195,199,203,1877
192=false=187,193,1877,4392
193=false=165,187,189,192,205,1867,1877,1880
194=false=174,195,4112,4387
195=false=179,180,190,194,199,4112,4387
197=true=196,212,2753
196=false=175,176,197,198,2753,4112
198=false=196,199,200,2753,4112,4391
202=false=200,201,204,2991,4391
200=true=198,201,202,2753,4391
199=false=190,195,198,203,4112,4391
201=true=200,202,2991
203=false=190,199,204,205,1877,4391
204=false=202,203,205,2991,4391
205=false=193,203,204,1867,1871,1877
207=true=206,208,1745
206=true=207,208,231,232
209=true=210,1745,1746,2989
208=false=206,207,215,216,232,1745,1746
210=true=173,209,211,214,2989
212=true=197,213,2987
211=false=210,214,2987,2988
213=true=212,2987,2988
216=false=208,215,228,232,1747
215=false=208,216,217,1746,1747,2755,2989
214=false=210,211,2755,2988,2989,2990
217=false=215,219,1747,2751,2755
218=false=219,224,225,229,1747,2754,4150
220=true=1750,2751,2988,2990
219=false=217,218,1747,2751,2754
221=true=222,1748,1750,2751,2754
222=true=221,223,1748
226=true=1751,223,1749
225=false=218,223,224,1748,2754
223=true=222,224,225,226,1748,1749
224=true=218,223,225,229,230,1749
230=true=224,229
229=true=218,224,227,230,4150
228=false=216,227,232,1747,1851,4150
227=true=228,229,1851,4150
231=true=206,232,1851
233=true=4373
232=false=206,208,216,228,231,1851
234=true=237,239,4130,4371,4374
235=true=236,4371
236=true=235,237,238,4370,4371
237=false=234,236,239,4370,4371,4372,4376
238=true=236,1860,4370
239=true=234,237,240,241,4130,4372
240=false=239,241,242,4366,4372,4375
241=true=239,240,4366,4369
243=true=1860,1861,4367,4370,4376
242=true=240,4366,4369,4375
244=true=245,247,4375
245=false=244,246,247,1861,4367,4368,4375
246=true=245,247,4361,4368
247=true=244,245,246,4361,4362
250=false=248,251,252,4363
248=true=249,250,251,4361,4363
249=true=4121,248,4361,4362,4363
251=true=248,250,252
254=false=49,255,264,2963,2966,2969
253=true=4110,4364
252=true=250,251,4110,4363
255=false=254,258,264,1939,2963
256=false=1859,1938,1939,2958
257=false=259,260,269,1938,1939
258=false=255,259,262,263,264,1939
259=false=257,258,260,262,1939,2959,2960
260=false=257,259,269,277,1940,2959
262=false=258,259,263,2960
261=false=268,281,2405,2424,2961
264=false=254,255,258,263,2966,4238
263=false=258,262,264,2960,4236,4237,4238
265=false=1770,1772,2968,2970,4237
266=false=267,1771,2968,2970
267=false=266,1757,1771,2956,2967,2968
269=false=257,260,270,277,767,1937,1938
268=false=261,1756,2405,2998
270=false=40,269,271,272,767,770,1936,1937
271=false=39,40,270,1935,1936
272=false=270,276,278,770,1937
273=false=274,275,770,1834,1935,1936,1960,4241
274=false=34,273,311,1834,1842,1960,4148
275=false=273,770,771,1960,4148,4242
276=false=272,278,292,770,1941,4115,4242
277=false=260,269,278,279,1937,1940
278=false=272,276,277,279,1937,1941
279=false=277,278,1940,1941,2962,4247
280=false=289,1942,1944,2407,4115,4247
281=false=261,1942,1943,2405,2961,2962
283=false=290,1944,1974,2406,2411,2412
282=true=1756,1943,2405,2406
285=true=2447,284,2410
284=true=285,1974,2410
286=true=287,2412,2413,2414
287=true=286,463,2195,2414,2447
289=false=280,1945,2407,4115,4244
288=false=467,468,1971,2409,2413,2414
290=false=283,291,298,1944,2407,2411
292=false=276,771,4115,4242,4244,4246
291=false=290,298,299,2409,2411
294=false=295,1959,4117,4248,4249
293=false=297,771,4243,4244,4245,4246
295=false=294,296,4248,4249,4251,4252,4253
296=false=295,297,300,4116,4245,4251,4252
297=false=293,296,1945,4116,4244,4245
300=false=296,301,2408,4116,4252,4255
299=false=291,298,302,467,2408,2409
298=false=290,291,299,1945,2407,2408,4116
301=false=300,302,307,1778,4252,4255
302=false=299,301,304,467,1778,2408,2415,4255
303=false=304,1971,2415,2418,2419
304=false=302,303,1081,1778,2415,2419,2423
305=false=475,1077,1078,1962,1972,2444,4265,4266
307=false=301,1754,1778,1956,4252,4253
308=false=1753,1956,4147,4250
306=false=1083,1754,1957,2422,2423,4254
311=false=34,274,310,1752,4148,4243
310=false=33,34,311,1752,1961,2749,4260
312=false=309,314,1958,4259,4261
314=false=312,1753,4250,4259,4261,4262,4263
309=false=32,312,1776,1958,1961,2749,4261
313=true=1776,1958,4258
316=true=151,317,2299,4312
317=true=316,322,2296,4312
318=true=2348,319,2297,4309
320=true=
319=true=318,1848,2298,4308,4309
321=true=
322=false=317,2296,2297,4308,4311,4312
323=false=324,326,1848,2298,4307,4311
324=false=323,327,2298,2301,2302,4307
325=true=328,2299,4313
326=false=323,2299,4307,4311,4312,4313,4314
328=true=325,1846,2304,4313
327=true=324,332,2301,2302,2313,4298
329=false=332,2300,2301,2305,4310,4315
330=true=331,2196,2304,4303
331=false=330,2305,2306,4302,4303
332=false=327,329,2301,2303,4298,4310
333=true=
334=true=342,1751
335=true=343,1751,2465
336=true=337,2462,2463,2465
337=true=336,2461,2462
338=true=339,2459,2461,2462
340=false=339,1882,2454
339=true=338,340,1882,2458,2459
341=true=2454,2455,2473
342=true=334,343,1751,2467,2469
344=false=345,2468,2470
343=false=335,342,349,1751,2465,2467
345=true=344,2468,2469,2470
315=true=21,1777,4151
347=true=1110
346=false=349,2460,2464,2466
348=false=1110,2464,2466,2470
349=false=343,346,2460,2463,2467
351=false=350,352,2456,2458
350=false=351,2456,2457,2458,2459,2463
353=true=2954,352,2450,2452,2453
354=true=2449,2451,2452
352=false=351,353,2450,2453,2454,2456,2472
355=true=356,2448,2449,2451
357=true=356,2326
356=true=355,357
358=true=362,2325,4317
359=false=361,2317,2318,4317,4318
360=false=2320,2321,4319,4320
361=false=359,2315,2316,4316,4317,4318
362=true=358,363,2316,4317
363=true=362,2316,4316
364=true=365,379,1854,2315,4316
367=true=
365=true=364,379,2315,4268
368=true=
366=true=
369=true=4110
372=true=373,4119,4121,4379,4380
373=true=372,374,4120,4121,4379
374=true=373,4118,4120,4377
375=true=376,4118,4119,4377,4379
377=false=407,1849,2308,2313,4298
376=true=375,4119
379=false=364,365,380,1854,4268
378=true=382,1849,1855,2313,4297
371=true=370
380=false=379,381,2327,4268,4270,4272
381=false=380,382,1854,1855,4270,4271
382=false=378,381,405,1855,4271,4297
383=false=2327,2328,4268,4269,4272
370=true=371
385=false=2329,2330,2331,4277
384=false=393,2328,2329,2330,4269
387=true=1215,388,4279,4280
386=false=391,2332,2335,2346,4278,4282
388=true=387,389,2345,4280,4281
389=true=388,2343,2345,4283
390=false=2344,4279,4281,4282
392=false=2347,4273,4274,4275
391=false=386,2335,2344,4282
396=true=394,395
394=true=396,2338,2340,2347,4274
395=true=396,2333,2339,2347
397=true=398,404,2333
393=false=384,2328,2330,2337,2338,4272
399=true=398,400,403,4285
398=true=2999,397,399,404,4285
400=true=399,403,4286,4287
401=true=2342,4284
402=true=2343,4283,4284
404=false=397,398,4285
403=false=399,400,4285,4287
408=true=412,2340,4288
406=false=409,410,2309,2310,2314
405=false=382,407,1849,2314,4271,4297
407=false=377,405,1849,2308,2309,2314,4292
409=false=406,410,2311
410=false=406,409,2310,2311,2312,4291
411=false=415,2309,2310,4292,4293,4295,4296
413=false=414,2209,2210,4289,4290,4342
412=true=408,430,2217,4288,4289,4290,4342
415=false=411,2310,4291,4293,4294
414=false=413,2210,2215,4337,4338
417=false=426,2215,4338,4339
416=false=424,2207,4300,4304
418=false=2303,2305,2306,2308,4292,4295
420=false=419,423,2202,2203,4305
419=false=420,423,2202,2204,2205,4302,4304
423=false=419,420,2203,2204,4301
421=false=424,425,2202,4299,4340
422=false=462,2196,2204,4301
424=false=416,421,2202,2205,4300,4304,4340
426=false=417,2215,4341
425=false=421,2199,4299,4306
428=false=2213,2215,2216,4337
427=false=2214,2216,2222,2235,2236,4334,4336
429=false=2222,4171,4335
430=true=412,2217,4329,4331,4332
431=true=2999,2219,2220,2223,4327,4345
433=false=432,2222,2234,4171,4334
432=false=433,435,436,2220,2234,4334,4345
435=false=432,436,2220,2224,2230
434=false=2220,2232,2233,4327
436=false=432,435,2224,4324,4334,4336
437=false=438,2214,2236,2349,2350
438=false=437,441,443,2349,2350,2362
440=false=455,1970,1973,2370
439=false=443,465
441=false=438,442,444,455,1973,2350,2362,2363
442=false=441,444,453,454,2363
446=false=445,449,2224,2228,4324,4325
443=false=438,439,465,471,2349,2362,2370
444=false=441,442,445,453,2228,2350,4343
445=false=444,446,2228,2350,4325
448=false=447,451,577,2225,2226
447=false=448,577,2225,2229
450=false=449,451,2227,2228,4343
449=false=446,450,451,2224,2225,2228,2229
453=false=442,444,454,4343,4344
451=false=448,449,450,2225,2226,2227
454=false=442,453,1967,2363,4344
452=false=458,578,1968,2073,2127,2226,2227
455=false=440,441,1969,1970,1973,2363
458=false=452,460,1967,1968,2127
457=false=460,1967,2356,2363,2364
456=false=1969,1970,2352,2358,2361
462=true=422,1856,2196
460=false=457,458,1967,2125,2127,2364
459=false=461,477,1969,2126,2356,2361,2364,2368
463=false=287,1856,2195,2197,2414,2416
461=false=459,2118,2120,2125,2126,2368
464=false=466,469,2208,2417
465=false=439,443,469,470,471,2367
467=false=288,299,302,1971,2409,2415
466=false=464,468,469,1971,2365,2417,2418
468=false=288,466,1971,2414,2416,2417
469=false=464,465,466,2365,2367
470=false=465,471,472,474,2366,2367
472=false=470,471,1966,2351,2366,2420
471=false=443,465,470,472,2351,2370
473=false=474,1081,1965,2418,2419,4267
474=false=470,473,1965,2365,2366,2367,2418
475=false=305,1965,2420,2444,4265
476=false=477,479,2354,2358,2359,2360,2361
477=false=459,476,2360,2361,2368
481=true=
479=false=476,1071,2354,2357,2359
478=false=2354,2355,2360,2434
483=true=
482=true=
485=true=484,2655,2656
484=true=485,2656
480=false=1064,1065,1066,2433,2434
486=true=2654,2655
487=true=
489=true=488,2658,2659
490=true=2658,2659
491=true=
493=true=
488=true=489,2658
494=true=495
492=true=
495=true=496,494
497=true=498
498=true=499,497
496=true=495
499=true=500,498
501=true=
500=true=499
502=true=2803
505=false=504,576,2072,2231,4503,4505
503=true=504,2052,2053,2088,4456,4504,4506
506=false=2079,2086,4508,4509,4510,4513
504=true=503,505,2231,4503,4504
507=false=2075,2076,4411,4510,4513
510=false=2062,2075,4411,4493
511=false=2060,2061,2062,2069,4493
509=false=508,2074,2075,4449,4493
508=false=509,2073,2074,2077,4449,4511,4521
512=false=513,514,2066,2086,4507,4508
515=false=521,2051,4454,4455
514=false=512,513,2066,2067,4502,4506
513=false=512,514,2072,2086,2088,4505,4506
516=false=517,2036,2054,2056,4480,4512
517=true=516,2036,4430,4512
518=false=528,2058,2093,4462,4464,4501
521=false=515,2051,2052,4454,4456,4457
519=false=520,2064,2087,4464,4465,4500,4502
520=false=519,522,2064,2065,4500
522=false=520,524,2060,2062,2065,4498,4500
523=false=555,556,2063,4495,4496,4497
524=false=522,525,2063,4465,4498,4499,4500
525=false=524,528,559,740,2059,2063,4464,4465
526=false=527,2056,2057,2093,4453,4460,4461
527=false=526,548,2092,4434,4453,4460
530=true=1946,2089,4429,4431
529=true=2034,2036,2089,4430,4432,4433
528=false=518,525,740,2093,4461,4464
531=true=2029,2032,4427
532=false=2035,2090,4424,4428,4436
533=false=534,538,2029,4413,4414,4421
534=true=533,535,538,4413
535=true=534,537,538,4412
536=true=2100,2026,2085,2101,4412
537=true=535,2101,4410,4412
539=true=2027,2083,4417,4418,4420
538=false=533,534,535,2085,4412,4414
540=true=1947,4416,4417
543=true=2084,4419,4425,4439
542=false=1948,2035,2037,4436,4438,4439,4444
541=false=1949,2033,4422,4423,4424,4426,4428
544=false=545,1948,4432,4435,4437
545=false=544,2036,4432,4433,4434,4437,4442
547=false=549,2037,2048,2050,4439,4445,4446
548=false=527,546,2092,4434,4442,4443
546=false=548,551,2050,2082,2092,4443,4458
549=true=547,2048,2080,2084,4439
552=true=2043,2049,4441
550=false=551,2057,2097,4458,4459,4466,4467,4468
551=false=546,550,2082,2097,2098,4452,4458,4468
553=false=2049,2098,4447,4450,4451,4452,4470
554=false=2094,4485,4491,4492
555=false=523,556,2055,2095,4490,4495
556=false=523,555,2095,2097,4496
557=false=2070,2071,4483,4484,4485
558=false=560,2095,2096,4469,4472,4487,4489,4490
559=false=525,740,2059,4459,4466
560=false=558,2096,4450,4469,4470,4471
561=true=2039,4476,4477
563=false=2044,2045,2096,4479,4486
564=true=2046,4474,4475,4478,4479
562=false=565,2042,2045,2046,4482,4483,4486
565=false=562,676,2042,4481,4482
567=false=573,2091,4473,4474,4478
566=false=570,571,2040,4440
568=true=579,2091,4473,4474
569=false=1946,2033,2035,4428,4431,4435
570=false=566,571,573,2040
572=true=2099,4407,4408
571=false=566,570,2042,4440,4481
573=false=567,570,2041,2091
574=true=
575=true=576,2231,2232,2233
578=false=452,2073,2077,2078,2226
577=false=447,448,576,2068
576=false=505,575,577,2068,2072,2231,2232
581=false=584,2399,4393
580=false=2398,2399,4393
582=false=583,2396,2400,4393,4405
579=true=568,2402
584=false=581,2399,2400,4393,4395,4397
583=false=582,587,660,2166,2400,4406
585=false=586,589,590,2401,4395,4396
586=true=585,590,1815,4396,4399
588=false=587,2401,4397,4398,4406
590=true=585,586,589,601,2403
587=false=583,588,602,660,2381,4398,4406
589=false=585,590,601,602,2401,4398
591=true=592,2387,2403,2404
592=false=591,600,2387,2389,2403
594=true=593,595,599,2394
593=true=594,2390,2391,2394
596=true=597,598,2392
595=true=594,598,599,2392,2394
597=true=620,2686,596,598
599=true=594,595,598,2393
598=true=595,596,597,599,2392,2393
600=true=592,603,612,2386,2387,2388,2389
601=false=589,590,602,1817,2388,2389,2403
602=false=587,589,601,615,1817,2381,4398
603=true=600,604,612,2379
606=true=605,2374,2375
604=true=603,609,2379,2380
605=true=606,2375,2376,2378,2380
607=true=1022,2374,2375
609=false=604,608,612,1823,2378,2379,2380,2383
610=true=611,613,1016,1844,2372
608=false=609,1022,1823,2373,2375,2382,2383
611=false=610,614,1016,1844,2373,2382,2384
613=false=610,616,1844,2371,2372
612=false=600,603,609,2379,2383,2386
614=false=611,615,1817,1844,2384,2385
617=true=2673,2685
615=false=602,614,1817,1844,2371,2381
618=true=619,2674,2675
616=false=613,663,664,2164,2371,2372
619=true=618,2674,2675,2682,2685
621=true=622,623,2677,2680
620=true=597,2675,2676,2681,2682
622=true=2678,621,623,2677
624=true=623,630,2687
626=true=625,2689,2690
623=true=624,621,622
625=true=626,2687,2688,2689
627=true=2691
628=true=2692,629,2690,2691
630=true=624,2687,2688
629=true=628,2689,2690
631=true=2693
634=true=
632=true=2693,633
635=true=2695
636=true=637,2704
633=true=632,2695
637=true=636,2703,2709
638=true=2710,2712
640=true=2705,2706
639=true=2707,2712
641=true=2715
642=true=2716,643,2715
645=true=
646=true=647
644=true=2713
643=true=642,2714,2715
649=true=648
647=true=646
650=true=648
651=true=
648=true=649,650
653=true=652,2701,2702,4354
654=true=2699,4353
655=true=4356
652=true=653,2701,4354
656=true=2697,4349
659=true=2677
657=true=658,2698,4348
658=true=657,2697,2698,4348
660=false=583,587,663,2165,2166,2381
661=false=662,2165,2166,2167,2748
662=false=661,663,664,674,675,2165,2748
666=true=2159,2160
663=false=616,660,662,664,2165,2371,2381
664=false=616,662,663,674,2163,2164
668=true=667
665=true=667,1840,2158,2159,2162
667=true=665,668,2157,2158
670=false=1833,2153,2156,2157,2158,2174
669=true=1824,1829,2150,2152
671=false=672,682,683,1833,2172,2173,2174
673=false=674,2163,2168,2173,4199
672=false=671,680,681,2172,2173
674=false=662,664,673,675,2163,2168
675=false=662,674,2168,2748,4213
676=false=565,677,4481,4482,4514,4517,4518
677=false=676,2130,4205,4517,4518,4519
679=false=680,2169,2170,4212,4213
678=false=2131,2132,2133,2135,2167,2748
681=false=672,680,2171,2172
682=false=671,683,687,2171,2172,2175,4197
680=false=672,679,681,2168,2169,2171,2173,4199,4211,4213
684=true=1822,2146,2147,2148,2150
683=false=671,682,686,1833,2151,4197
685=true=1821,2142,2143,2145
686=false=683,1838,2146,2147,2151,4197
688=false=687,692,1836,2137,2140,2175,2176
687=false=682,688,700,1836,2171,2175
690=true=691,2138,2139,2140,4196
692=false=688,1836,2137,2178
691=false=690,695,2137,2138,2140,4195
689=false=700,2169,2171,2180,2183,4198,4211
693=false=694,2177,2178,2179
696=false=695,697,1816,2136,4195
695=true=691,696,1816,2138,4195
694=false=693,700,1836,2178,2179
697=false=696,702,2114,2115,2136,2177,4195
698=false=699,709,2179,2181,4223
699=false=698,709,2180,2181,2182,2183,2184
700=false=687,689,694,1836,2171,2179,2181,4198
701=false=702,2177,2179,4223
702=false=697,701,2114,2177,2747,4223
703=false=704,1816,2115,2136,4194,4203
704=true=703,726,4194,4203
708=false=707,709,2182,2184,2191
706=false=707,711,2123,2134,4204
705=false=2130,2131,2133,2134,4205,4519
707=false=706,708,2122,2123,2191
710=false=711,2074,2124,4520
712=false=2121,4209
709=false=698,699,708,720,2182,2191,2193,2747,4223
713=false=714,715,718,4206,4207
711=false=706,710,2123,2134
714=false=713,715,718,1066,2118,2119
715=false=713,714,2119,4207,4208
717=false=720,721,1057,1058,2116,4220,4221
716=false=718,719,1060,1063,1065,1066,2189,4222
719=false=716,718,2117,2189,2190,4222
718=false=713,714,716,719,1066,2117,4206,4222
720=false=709,717,721,2114,2193,2747,4221
722=false=723,725,726,2109,2110,2187,4202,4203,4218,4219
723=false=721,722,2114,2115,4203,4219
721=false=717,720,723,724,1058,2114,4219
725=false=722,728,2185,2187,4200,4218
726=true=704,722,2110,2111,2112,2113,4201,4203
724=false=721,1053,1058,2102,4218,4219
727=false=728,731,1049,1053,2104,2185
728=false=725,727,731,2185,4200
730=false=2107,2108,2109,2110,2188,4201
729=true=731,2105,4215,4216,4217
732=true=734,1845,2694,2743,4231,4232
733=true=1845,4231
735=true=734,4230,4231
734=false=732,735,736,2694,4229,4230,4231
731=false=727,728,729,2104,2105,2106,2107,2186,2188,4200,4217
736=true=734,2694,2745,4227,4229
737=true=1013,4227,4228,4229
738=true=2155
740=false=525,528,559,2057,4459,4461
739=false=2124,2125,2127,4209,4210
741=true=831,2803,2805,2939
743=true=744,2803,2804,2931
742=false=2803,2804,2805,2811,2889,2939
744=true=743,745,2931,2937
745=true=744,746,2937
746=true=745,2937,2938
747=true=2890,2935,2938
748=true=2890,2927,2928,2929
749=true=2886,2924,2926,2927
750=false=751,752,753,2915,2922
754=true=753,755,2922
751=true=750,752,753,2886
753=true=750,751,754,2922
752=false=750,751,2885,2886,2915,2924,2925
755=true=754,2921,2922
756=true=757,2912,2914
757=true=756,760,2914,2916
760=true=757,761,2898,2916
759=false=765,2891,2898,2916,2917
758=false=2888,2905,2906,2907,2908,2909,2919
761=true=760,762,2898,2899
762=true=761,763,2899
763=true=762,764,2894,2899
764=true=763,766,2894
767=false=40,41,42,269,270,1938,2958
765=false=759,2891,2892,2894,2898,2899
766=true=764,769,2894,2895,2896
769=true=766,2887,2895
768=false=775,776,2855,2859,2887,2893,2895,2897
770=false=270,272,273,275,276,1936,4242
771=false=275,292,293,4148,4242,4243,4246
772=true=773,2848,2850,2851,2852
773=true=772,2850,2852,2857,2879
774=false=1219,2932
775=false=768,776,2854,2858,2859,2883
777=false=790,2848,2853,2858
776=false=768,775,799,2881,2883,2893
778=true=779,2848,2849,2860
779=true=778,786,2860,2866
780=true=781,2868,2870,2875,2876
781=true=780,2869,2876
784=true=785,787,2872,2873
782=true=783,2869
785=false=784,2863,2870,2871,2872,2873
787=true=784,2862,2872,2877
786=true=779,2863,2865,2866,2868
788=true=1192,1195,4034
789=true=1181,1182,2856
791=false=792,2836,2839,2842,2843,2844
790=false=777,2842,2846,2848,2854,2858,2878
792=true=791,2839,2841,2843,2845,2862
793=true=796,797,2840,2946
794=false=2836,2837,2838,2842,2854,2878,2883
796=true=793,797,805,2831
795=false=797,2835,2940,2941,2946
783=true=782,2869,2874,2876
797=false=793,795,796,2831,2942,2946
798=false=1167,1168,1170,1171,2948,2949
799=false=776,2838,2881,2882,2883
802=false=801,803,2831,2833,2942,2947
801=false=800,802,803,2834,2941,2942
800=false=801,803,2832,2834,2882,2901,2902
803=false=800,801,802,2832,2833
804=false=805,2828,2829,2831,2947
805=true=796,804,2828,2831
806=true=807,809,810,2828
807=false=806,808,810,2828,2829
808=false=807,810,2829,2830,2944
809=true=806,810,811,2826,2827
810=false=806,807,808,809,811,2944
811=false=809,810,814,2827,2944
812=true=813,2822,2825,2826,2827
813=false=812,2821,2822,2824,2825,2943
816=true=817,819,2821,2824
814=false=811,2823,2825,2827,2944
817=false=816,818,819,820,821,2824
815=false=818,821,822,2945
818=false=815,817,820,821,822
819=true=816,817,820,2820
820=false=817,818,819,822,2818,2820
821=false=815,817,818,2824,2943,2945
823=true=824,826,2817,2818,2820
825=false=824,832,2812,2814,2817
824=false=823,825,826,827,832,2817
822=false=815,818,820,2814,2816,2817,2818
826=true=823,824,827,2819
827=false=824,826,828,832,2819
828=true=827,829,832,2819
829=true=828,830,832,2806
831=true=741,2808,2809,2939
830=true=829,832,2806,2807,2813
832=false=824,825,827,828,829,830,2812,2813
835=true=2664,2819
834=false=2807,2809,2810,2812,2813
833=true=1178,1179,1180,2856
836=true=2663,2664
837=true=2640,2660,2661
839=true=2637,2640,2653,2662
838=true=840,2660,2661
840=true=838,2637,2661,2662
841=true=2635,2636,2638,2653
842=false=843,2632,2634,2635,2636,2650
843=true=842,2634,2636
845=true=2633,2634,2650,2651
844=true=847,2629,2631,2649
846=true=2633,2652
847=true=844,849,2629,2646
848=true=850,853,2641,2642,2647
850=false=848,852,853,2644,2647
849=true=847,2645,2646,2648
851=true=2623,2627,2643,2657
852=false=850,853,2626,2628,2644,2645
853=false=848,850,852,2615,2626,2642
854=true=855,2617,2621,2657
855=true=854,856,859,860,2617
857=false=856,858,2614,2615,2619,2641,2642
858=true=857,2614,2641,2668
856=false=855,857,860,2615,2617,2619
859=true=855,860,862,2618
861=false=860,864,2614,2618,2619,2667
860=false=855,856,859,861,2618,2619
862=true=859,863,864,2616,2618
863=false=862,864,877,881,2498,2616
864=false=861,862,863,2498,2618,2667
866=true=865
867=false=868,876,2476,2478,2491
865=true=866,2620
868=true=867,869,2476,2478
869=true=868,870,2021,2478
871=true=2021,2477,2479
870=false=869,2021,2478,2479
872=true=873,2481,2482
873=true=872,2482,2483,2485,2486
874=true=972,973,2484,2485,2486,2607
875=false=878,2491,2493,2494
876=false=867,877,879,2476,2491,2616
878=false=875,880,2494,2495,2496
877=false=863,876,879,881,2492,2616
879=false=876,877,2491,2492,2493,2494
880=false=878,881,882,2495,2496
883=false=884,887,2497,2499,2500,2666
881=false=863,877,880,882,2492,2495,2498
882=false=880,881,885,2496,2497,2498
884=true=883,887,888,2499
886=false=885,887,891,892,2500,2669
888=true=884,887,2665
885=false=882,886,889,891,2496,2497,2500
887=false=883,884,886,888,2500,2665,2669
890=false=889,891,898,2509,2625,2672
889=false=885,890,891,2496,2625
892=false=886,891,894,896,2669
891=false=885,886,889,890,892,896,2509
895=false=894,897,918,2014,2528,2529
894=false=892,895,896,897,2014,2515,2669
893=true=921,2014,2516
896=false=891,892,894,2509,2515
897=false=894,895,899,918,2514,2515
898=false=890,901,902,903,905,2509,2672
900=false=902,916,917,2513,2514
899=false=897,902,2509,2514,2515
901=false=898,903,2508,2672
904=false=905,907,913,2512,2513
902=false=898,899,900,905,2509,2513,2514
903=false=898,901,905,906,907,2007,2009,2508
905=false=898,902,903,904,907,2513
906=false=903,907,908,909,2007,2016,2511,2512
907=false=903,904,905,906,2512
908=false=906,910,2016,2512,2517
909=false=906,2007,2008,2510,2511
912=false=911,913,914,2518
910=false=908,1007,2016,2517,2593
913=false=904,912,914,915,2512,2513,2518
911=false=945,2587,912,914,1001,2518
915=false=913,914,916,917,942,2513,2519
914=false=911,912,913,915
916=false=900,915,917,2514,2519,2520
917=false=900,915,916,2513
918=false=895,897,919,934,939,2514,2527,2528
919=false=918,920,2527,2528,2531,2532
920=false=919,922,2528,2529,2530,2532
921=true=893,2014,2529,2530
922=true=920,923,924,2530,2532
923=true=922,924,2533
924=false=922,923,925,2532,2533
927=true=926,2534,2539
925=false=924,930,931,2531,2532,2533,2537
926=true=927,2534,2535,2536
928=true=2533,2534,2537
929=true=2538,2539,2540,2541,2542
931=false=925,930,935,936,2527,2531,2540,2541
930=false=925,931,2537,2538,2540
932=true=933,2541,2542,2543
933=false=932,936,2541,2543,2544,2545
934=false=918,935,939,940,941,2527
935=false=931,934,936,941,2527,2548
937=false=938,2544,2545,2546,2547,2549
936=false=931,933,935,949,2541,2544,2548
939=false=918,934,940,2514,2520
938=true=937,2546,2547
940=false=934,939,941,2520,2523,2524,2526
941=false=934,935,940,2526,2548
942=false=915,943,2519,2522,2523
943=false=942,946,2522,2523,2524
944=false=946,987,2521,2522
947=false=946,948,954,2525
946=false=943,944,947,2522,2524,2525
945=false=911,2521,2522
949=false=936,951,2011,2544,2548,2549,2552
948=false=947,951,954,2525,2526,2551,2555
951=false=948,949,2526,2548,2551,2552
950=true=952,2547,2549,2554
952=true=950,2549,2550
953=true=2550,2553,2554
955=false=956,2023,2553,2554,2556,2557
954=false=947,948,958,959,2555,2557
956=false=955,957,962,2023,2554,2639
957=true=956,962,2554
958=false=954,959,987
959=false=954,958,960,2023,2557
960=false=959,961,2023,2558
961=false=960,964,989,2558,2559
962=true=956,957,2639
963=false=964,965,966,969,2558,2559
964=false=961,963,2558,2559
966=false=963,965,967,968,969,2010,2560,2561,2562
967=true=966,2010,2561
968=true=966,970,2561,2562
965=true=963,966,2558,2560,2639
969=false=963,966,2559,2562,2563,2564
970=true=968,2013,2562,2564
971=true=2013,2565,2566,2567
973=true=972,874,2606,2607,2610
974=true=972,975,2606,2610
972=true=874,973,974
975=true=974,2609
977=true=2612,2613
978=true=2611,2612
976=true=2022,2609,2613
980=true=981,2573
979=true=
982=true=2569
983=true=984
984=true=983,985,2568,2569
981=true=997,980,2573
985=true=984,2570,2571,2572
986=true=2571,2572,2582
987=false=944,958,2586,2587,2670
988=false=989,991,2585,2586,2670,2671
989=false=961,988,2559,2585,2670
990=false=993,994,2580,2583,2584
992=false=991,993,2580,2581,2585
993=false=990,992,2580,2584,2585
994=true=990,995,2579,2580,2583
991=false=988,992,1001,2581,2585,2588,2671
995=true=994,2577,2579
996=true=997,2576
997=true=981,996,2575
998=true=999
999=true=998,1000
1001=false=2587,911,991,2015,2588,2671
1002=false=1000,2580,2581,2588,2589
1000=true=999,1002,1003,2589
1003=true=1000,1004,2589,2590,2591
1004=true=1003,2592
1005=true=1006,2592,2594
1006=true=1005,2594
1008=false=1009,1010,2016,2511,2593
1007=false=910,2015,2591,2593
1009=false=1008,2593,2594
1012=true=4180,4181
1013=true=737,4229,4230
1014=true=4186,1818,4180,4181,4182
1015=true=
1016=true=610,611,2373
1010=false=1008,1011,2005,2511
1019=true=1021,1830,4184,4185
1017=true=1818,1825,4183
1018=true=1825,1830,4183,4184
1020=false=1021,1023,1832,1835,4185,4359
1021=true=1820,1019,1020,1832,4185,4187
1022=true=607,608,2373,2375
1023=true=1020,1835,1837,4185
1011=false=1010,1813,2005,2594,2596
1025=true=1024,1026,4131,4192
1024=true=1025,1026,1837,1843,4188
1027=true=1026,1028,4190,4191
1029=false=1028,1839,1843,4188,4189
1028=true=1027,1029,1843,4189,4190,4191
1026=true=1024,1025,1027,1843,4131,4191
1030=true=1835,4359,4360
1031=true=1847,1852
1032=true=1852
1033=true=1050
1036=false=1037,1041,2439
1034=true=1035
1037=false=1035,1036,1038,1041
1038=false=1035,1037,2440
1039=false=1040,1042,2439
1035=true=1034,1037,1038,1041,2440
1040=false=1039,1041,1042,1043,1044,2439
1042=false=1039,1040,1043,2438
1041=true=1035,1036,1037,1040,1044,2439
1043=true=1040,1042,1044,1046,1047,2438
1044=true=1040,1041,1043
1046=false=1043,1045,1047,1051,1052,2438
1047=true=1043,1046,1052,2102,2103
1045=false=1046,1051,1054,2435,2437,2438
1050=true=1033,1048,4214,4216
1049=false=727,1053,2102,2103,2104
1051=false=1045,1046,1052,2435
1048=true=1050,2103,2104,2105,4214,4215
1053=false=724,727,1049,2102,2185,4218
1052=false=1046,1047,1051,2102,2435,2446
1054=false=1045,1055,1059,2435,2436,2437,2442
1055=false=1054,1056,1060,2435,2442,2446
1056=false=1055,1057,1058,2446
1057=false=717,1056,1058,1060,2116,4220
1058=false=717,721,724,1056,1057,2102,2446
1059=false=1054,1061,1062,2431,2436,2442
1060=false=716,1055,1057,1062,1063,2116,2189,2442
1061=false=1059,1062,1064,1067,2431,2432
1063=false=716,1060,1062,1065,2443
1062=false=1059,1060,1061,1063,2432,2442,2443
1064=false=480,1061,1065,1067,1068,2432,2433,2443
1066=false=480,714,716,718,1065,2118,2434
1065=false=480,716,1063,1064,1066,2443
1067=false=1061,1064,1068,1070,2430,2431
1068=false=1064,1067,1070,2429,2433
1069=false=1070,1073,1074,2428,2429,2445
1070=false=1067,1068,1069,2429,2430,2445
1071=false=479,1074,1075,2354,2357,2428,2433,2434
1072=false=1073,1780
1074=false=1069,1071,1073,1075,2427,2428
1073=false=1069,1072,1074,1080,1780,2427,2445
1076=false=1075,1078,2369,2427,2441
1075=false=1071,1074,1076,2357,2369,2427
1077=false=305,1078,1080,1962,1963
1078=false=305,1076,1077,1080,2427,2441,2444
1081=false=304,473,2419,2422,2423,4264,4267
1079=false=1082,1083,1755,1962,1964,1972,4129,4266
1080=false=1073,1077,1078,1780,1963,2427
1082=false=1079,1083,1972,2421,2422,4264,4265,4267
1083=false=306,1079,1082,1755,1957,2422
1084=true=2726,2727
1085=true=
1086=true=1088,2735,2736
1087=true=1088,1089,2734,2735
1088=false=1086,1087,1089,2735
1089=false=1087,1088,1090,1091,2734
1090=true=1089,1091,1092,2734
1091=false=1089,1090,1092,1093
1092=true=1090,1091,1093,1094
1096=true=
1097=true=
1094=true=1092,1093,2733
1098=true=
1099=true=
1093=false=1091,1092,1094,2733
1095=true=
1100=true=
1101=true=
1102=true=
1103=true=
1106=true=2739
1107=true=2738,1108,2737,2739
1104=true=1105
1110=true=347,348,2470
1105=true=1104
1108=true=1107,2737,2739
1109=true=1246,2738
1111=true=
1112=true=1113,1115
1113=true=1112,1115,1116,2237,2239
1116=false=1113,2237,2238,2239,2240
1115=false=1112,1113,2237,2240,2244
1114=true=2238,2239,2241
1117=false=1120,1121,2238,2241,2248
1119=true=1126,2242
1118=true=2241,2242
1120=false=1117,2238,2240,2245,2248
1121=false=1117,1122,1124,2248
1122=false=1121,1124,1125,2249,2250,2253
1123=false=1124,1131,1134,2245,2246,2249,2250
1124=false=1121,1122,1123,2245,2248,2249
1125=false=1122,2252,2253,2254,2255
1126=true=1119,2258
1129=false=1128,1130,1132,2247
1128=false=1127,1129,1130
1127=false=1128,2460,2466
1130=false=1128,1129,1132,1133,2262,2271
1131=false=1123,1134,2246,2259,2260,2261
1133=false=1130,2262,2264,2268,2271
1134=false=1123,1131,1135,2250,2253,2261,2263
1132=false=1129,1130,2247,2259,2260,2262
1135=false=1134,1137,2252,2253,2263,2265,2266
1136=false=1142,1143,2256,2265,2266,2267,2268
1137=false=1135,2252,2266,2267
1138=false=1139,1140,1141,2254,2255,2256,2257,2295
1139=true=1138,1141,2257,2258
1141=true=1138,1139,1140,2290
1140=false=1138,1141,2290,2291,2292,2295
1142=false=1136,1143,2268,2269,2270,2278
1145=false=1144,1146,1153,1154,2292,2293
1143=false=1136,1142,2256,2278,2292,2293,2295
1144=false=1145,1146,2290,2291,2292
1147=true=1146,2289,2290,2294
1146=false=1144,1145,1147,1152,1153,2289,2290
1149=false=1148,1150,1154,1155,2279
1148=false=1149,1150,2270,2273,2276,2278,2279
1151=true=1152,1163,2289,2294
1150=false=1148,1149,1154,2278,2293
1152=false=1146,1151,1153,1162,2289
1153=false=1145,1146,1152,1154,1161,1162,2281
1154=false=1145,1149,1150,1153,1155,2281,2293
1155=false=1149,1154,2279,2280,2281
1156=false=2275,2276,2277,2279,2282,2284
1157=false=1160,2282,2283,2284,2287
1159=false=1158,2286,2287,2288,2932
1158=false=1159,2277,2284,2288
1160=false=1157,2283,2285,2286,2287
1161=false=1153,1162,1249,2280,2281,2283,2285
1163=true=1151,1164
1162=false=1152,1153,1161,1249
1166=true=1169,4078,4079
1165=true=1164,4078
1167=true=798,1168,1171,1172
1164=true=1163,1165
1168=true=798,1167,1170,4080
1170=false=798,1168,1901,2949,4079,4080
1169=false=1166,1901,4079,4081
1171=false=798,1167,2948,4082,4084
1174=true=
1172=true=1167
1176=false=1175,1177,1178,2864
1175=true=1176,1177,2864
1177=true=1175,1176,1178,1179
1178=false=833,1176,1177,1179,2856,2864,2880
1179=true=833,1177,1178
1181=true=789,1180,2856
1180=true=833,1181,2856
1182=true=789,1183,1800
1183=true=1182,1186,1800,2952
1185=false=1184,1188,1189,2950
1184=false=1185,1800,2950,2952
1186=true=1183,1187,1192,2951,2952
1187=false=1186,1191,1192,2951,4038,4039
1189=false=1185,1188,1190,4106
1188=false=1185,1189,1190,1191,2950,2951
1190=false=1188,1189,1191,4046,4047,4106
1191=false=1187,1188,1190,2951,4039,4047
1193=true=4027,4030,4031,4032
1192=true=788,1186,1187,4034,4038
1195=true=788,4034,4035,4049
1194=true=1792,4022,4023,4031
1196=true=1197,1198,4041,4042
1197=true=1196,1199,4041,4058
1201=true=1199
1199=true=1201,1197,1200,4055,4058
1198=true=1196,4035,4036,4042,4049
1200=true=1199,1202,1273,4055
1202=true=1200,1203,1273
1204=true=1203,1925,2796,4051
1205=true=2775,2776,2780,2782
1203=true=1202,1204,1273,1925
1206=true=2024,2786,2788,2789,2792
1209=true=1208,2790,2792,2793
1208=false=1207,1209,1210,1211,1212,2773,2778,2792,2793
1207=false=1208,1210,2778,2779,2780,2781,2785
1210=false=1207,1208,1211,1218,2760,2761,2779
1211=false=1208,1210,2761,2764,2773,2791
1212=true=1208,1215,2773,2793
1214=false=1213,1223,1224,2768,2769,2791
1213=false=1214,1223,2760,2761,2762,2791,4158
1215=true=387,1212,2764,2765,2773
1218=false=1210,2756,2760
1216=false=1217,1221,2799,2800,2802
1217=false=1216,2759,2763,2770,2799,4033
1219=false=774,2801,2802
1221=false=1216,1220,2800,2801,2802
1222=false=1220,1225,2798,2799,2800,4033
1223=false=1213,1214,1224,2762,2770
1220=false=1221,1222,1228,1229,2797,2798,2800
1224=false=1214,1223,2769,2771,2772
1225=false=1222,1226,2797,2798,4033
1227=false=1226,2766,2767,2769,2771
1226=false=1225,1227,1229,1232,2766,2771,2787,2797,4033
1228=false=1220,1229,2322,2323
1230=true=1232,2765,2766,2767,2787
1229=false=1220,1226,1228,1232,2323,2797
1231=false=1233,1234,4319
1234=false=1231,2322,2323
1232=true=1226,1229,1230,2323,2324,2787
1235=true=
1233=false=1231,2319,4319,4320,4323
1239=true=
1237=true=2720,2721
1236=true=
1241=true=
1240=true=
1238=true=
1242=true=
1243=true=
1247=true=127
1246=true=1109
1245=true=2718
1249=false=1161,1162,2285
1244=true=
1273=false=1200,1202,1203,1925,4054,4055,4059
1306=true=
1742=false=85,93,95,1878,2974,2975
1743=false=88,91,181,182,186
1318=false=153,154,162,2960,4125,4236
1248=true=
1744=true=92,95,96,1865,2974
1745=true=207,208,209,1746
1746=false=208,209,215,1745,2989
1748=false=221,222,223,225,2754
1749=true=223,224,226
1747=false=215,216,217,218,219,228,4150
1750=true=220,221,2751
1751=true=226,334,335,342,343
1753=false=308,314,1956,1957,4250,4254,4263
1752=false=310,311,1959,4243,4245,4249,4251,4260
1754=false=306,307,1778,1956,2423,4254
1757=false=66,67,267,2956,2957,2967
1758=false=53,54,57,2971,2972
1756=true=159,268,282,2405,2998
1759=false=50,51,52,58,59,1763
1760=false=78,80,83,84,85,1761,1878
1761=false=74,75,77,78,80,188,1760
1755=false=1079,1083,1957,4122,4129,4256,4262,4263
1762=false=57,63,79,81,2972
1763=false=50,59,60,61,1759,2966,2969
1764=true=149,150,151,159,2750
1766=false=138,1827,3000,3001,4175
1768=false=73,110,111,128,1774
1769=true=111,128,129,130
1765=false=148,150,2746,2750,3000,3001
1767=false=131,140,152,1828,1864,4126,4173
1771=false=60,61,266,267,2967,2970
1770=false=133,134,265,1772,2968
1772=false=134,135,153,154,265,1770,4236,4237,4240
1774=true=112,108,110,111,1768
1773=true=144,145,146
1775=true=13,44,45,1857,4141
1778=false=301,302,304,307,1754,2423
1792=false=1194,4023,4025,4027,4031
1776=true=32,309,313,1777,4124,4151,4152
1780=false=1072,1073,1080
1800=false=1182,1183,1184,2952
1809=false=2009,2504,2505,2506,2507
1815=true=586,2402,4396,4399
1813=false=1011,2595,2596,2597
1816=true=695,696,703,2136,4194
1818=true=1017,1014,4182
1817=false=601,602,614,615,2385,2388
1777=true=315,1776,4151
1820=true=1021,1819,4186
1819=true=1820,4186
1821=false=685,1838,2143,2145,2146
1822=true=684,2145
1823=false=608,609,2375,2378
1825=true=4186,1017,1018,4183,4184
1824=true=669,2148,2149,2150
1826=true=129,130,131,136,1828
1830=true=1018,1019,4184,4185
1827=false=138,141,1766,1831,3000,3002
1828=false=131,136,139,140,1767,1826
1832=false=1020,1021,4187,4359
1831=false=137,138,139,1827,3002
1829=true=669,2152,2153,2156
1834=false=37,273,274,1842,4241
1835=false=1020,1023,1030,1837,4188,4359,4360
1833=false=670,671,683,2151,2152,2153,2174
1836=false=687,688,692,694,700,2178
1837=true=1023,1024,1835,4188
1839=true=1029,4188,4189,4360
1841=true=42,43,1859,2958,2997
1838=false=686,1821,2143,2144,2146,2175,4197
1842=true=34,36,37,274,1834
1843=false=1024,1026,1028,1029,4188,4191
1840=false=665,2158,2162,2163,2173,2174
1844=false=610,611,613,614,615,2371
1846=false=328,2300,2304,4313,4315
1845=true=732,733,2744,4231,4232
1849=false=377,378,405,407,2313,4297
1848=false=319,323,2298,4308,4311
1847=true=1031,1852,4193
1851=true=227,228,231,232
1853=false=143,144,147,148,3001
1850=true=2106,2186,4217
1854=true=364,379,381,1855
1855=true=378,381,382,1854
1856=true=462,463,2195
1852=true=1032,1031,1847
1857=false=44,45,53,1775,2996
1858=true=48,49,2994
1859=false=256,1841,1939,2958,2963,2997
1861=false=243,245,4367,4372,4375,4376
1860=true=238,243,4370
1862=false=104,105,107,109,2979
1865=true=96,90,91,92,1744
1863=false=128,129,132,134,135,152
1866=false=91,92,93,181,2974
1864=false=135,152,153,1767,4126,4240
1868=false=65,68,73,2955
1869=false=72,165,166,1870,1880
1867=false=165,193,205,1871
1870=false=69,72,166,1869,1873
1872=false=68,69,70,71,2955
1871=false=103,166,205,1867
1873=false=69,73,166,1870
1874=true=54,55,2971
1876=false=78,81,83
1875=false=102,103,2981,2991,2992
1878=false=80,85,93,94,1742,1760
1880=false=72,75,165,189,193,1869
1881=true=
1877=false=190,191,192,193,203,205,4392
1879=false=168,177,4385,4388,4389
1882=true=339,340,2454,2455
1901=false=1169,1170,2949,4079,4081
1930=true=1,27
1931=true=55,56,4382
1925=false=1203,1204,1273,4051,4054,4060
1933=true=122,1934,2985
1934=true=122,1933,2983,2984,2985
1937=false=269,270,272,277,278
1938=false=256,257,269,767,1939,2958
1936=false=270,271,273,770,1935
1935=true=38,39,271,273,1936,4241
1939=false=255,256,257,258,259,1859,1938,2963
1940=false=260,277,279,2424,2959,2961,2962
1942=false=280,281,1943,1944,2962,4247
1941=false=276,278,279,4115,4247
1946=false=530,569,2034,2089,4431,4435
1943=false=281,282,1942,1944,2405,2406
1945=false=289,297,298,2407,4116,4244
1947=false=540,2027,2085,4414,4416,4417
1944=false=280,283,290,1942,1943,2406,2407
1949=false=541,2031,2083,4420,4422,4423
1948=false=542,544,2035,4435,4437,4438
1951=false=155,156,157,160,4127,4128
1952=false=157,158,162,4127
1953=false=155,157,162,4125
1954=false=141,155,156,4126,4173,4176,4239
1956=false=307,308,1753,1754,4147,4253,4254
1957=false=306,1083,1753,1755,4254,4263
1958=false=309,312,313,4122,4258,4259
1959=false=294,1752,4117,4249,4260
1955=true=4122,4256,4257,4258
1960=false=273,274,275,4148
1961=false=33,309,310,2749
1962=false=305,1077,1079,1963,1964,4266
1964=false=1079,1962,1963,4129
1963=false=1077,1080,1962,1964
1965=false=473,474,475,2366,2420,2421,4265,4267
1966=false=472,2351,2353,2369,2420,2441,2444
1967=false=454,457,458,460,1968,2363,4344
1968=false=452,458,1967,2227,4343,4344
1969=false=455,456,459,1970,2356,2361,2363
1971=false=288,303,466,467,468,2415,2418
1972=false=305,1079,1082,4265,4266
1973=false=440,441,455,2362,2370
1970=false=440,455,456,1969,2352
1981=true=
1978=true=
1979=true=
1982=true=3,4165,4166
1974=true=283,284,2406,2412
1983=true=14,12
1985=false=1,2,4,5,7
1988=true=
1984=true=15,4142,4149
1986=true=
1987=true=
1992=true=
1990=true=
1994=true=
1989=true=
1991=true=
1996=true=
1998=true=
1999=true=
1997=true=
1995=true=
2002=true=
1993=true=
2003=false=2018,2487,2605,2607
2004=false=2017,2501,2502,2598,2602
2006=false=2020,2501,2503,2504,2506
2005=false=1010,1011,2510,2511,2596,2598
2010=true=966,967,2560
2007=false=903,906,909,2008,2009
2011=false=949,2549,2550,2552,2553
2008=false=909,2007,2009,2503,2504,2505,2510
2009=false=903,1809,2007,2008,2505,2507,2508,2625
2012=false=2563,2564,2565,2567,2583,2584
2013=true=970,971,2564,2565
2014=false=893,894,895,921,2516,2529,2665,2669
2016=false=906,908,910,1008,2511,2593
2015=false=1001,1007,2588,2590,2591
2017=false=2004,2018,2595,2597,2598,2599,2600,2601,2602
2019=false=2483,2488,2489
2018=false=2003,2017,2601,2602,2603,2605
2023=false=955,956,959,960,2557,2558,2639
2020=false=2006,2489,2490,2506
2021=true=869,870,871,2479
2022=true=976
2026=true=536,2085,4415,4416
2024=true=1206,2778,2783,2784,2792
2025=true=
2027=false=539,1947,2031,4414,4417,4420
2028=false=2050,4438,4443,4444
2029=true=531,533,2032,4413,4421
2030=true=2033,4427,4429,4431
2031=false=1949,2027,4414,4420,4421,4422
2032=false=531,2029,2033,4421,4426,4427
2033=false=541,569,2030,2032,4426,4427,4428,4431
2034=false=529,1946,2089,4432,4435
2035=false=532,542,569,1948,4428,4435,4436
2036=false=516,517,529,545,2056,4430,4433,4434,4453
2037=false=542,547,2050,4439,4444
2038=true=2043,4450,4471,4477
2041=false=573,2091,2398
2042=false=562,565,571,2046,4481
2040=false=566,570,4404,4440
2039=true=561,4475,4476
2043=true=552,2038,2049,4450
2044=false=563,2096,4472,4486,4489
2045=false=562,563,2046,4479,4486
2046=false=562,564,2042,2045,4478,4479
2047=false=4483,4484,4486,4488,4489
2048=false=547,549,2080,4446,4448
2051=true=515,521,4455,4457
2049=false=552,553,2043,4441,4448,4450,4451
2050=false=546,547,2028,2037,2082,4443,4444,4445
2052=true=503,521,4454,4456
2054=false=516,2053,4456,4457,4480,4512
2053=false=503,2054,2058,2067,4456,4480,4506
2055=false=555,2094,4487,4488,4490,4491,4495
2056=false=516,526,2036,2093,4453,4462,4480
2058=false=518,2053,2067,2087,4462,4480,4501
2057=false=526,550,740,4458,4459,4460,4461
2059=false=525,559,2063,4466,4496
2060=false=511,522,2061,2062,4498
2061=false=511,2060,2069,4494,4498,4499
2062=false=510,511,522,2060,2065,4411,4493
2063=false=523,524,525,2059,4496,4497,4499
2064=false=519,520,2065,2066,4502,4507
2065=false=520,522,2062,2064,4411,4463,4507
2066=false=512,514,2064,4502,4507
2068=false=576,577,2072,2079
2067=false=514,2053,2058,2087,4502,4506
2069=false=511,2061,4492,4494
2070=false=557,2071,4485,4515,4516
2071=false=557,2070,4482,4483,4514,4515
2072=false=505,513,576,2068,2079,2086,4505
2075=false=507,509,510,2076,4411,4449,4493
2073=false=452,508,578,2077,4521
2076=false=507,2075,4449,4510,4511
2074=false=508,509,710,2124,2128,4520,4521
2078=false=578,2077,4509,4511
2077=false=508,578,2073,2078,4511
2080=true=549,2048,4441,4448
2079=false=506,2068,2072,2086,4509
2081=false=2096,4471,4476,4477,4479
2083=false=539,1949,2090,4418,4419,4420,4423
2084=true=543,549,4439
2082=false=546,551,2050,4445,4447,4452
2085=false=536,538,1947,2026,4412,4414,4416
2086=false=506,512,513,2072,2079,4508
2089=true=529,530,1946,2034
2087=false=519,2058,2067,4464,4501,4502
2088=false=503,513,4503,4504,4505,4506
2090=false=532,2083,4419,4423,4424,4425,4436
2091=false=567,568,573,2041,4473
2092=false=527,546,548,4458,4460
2093=false=518,526,528,2056,4461,4462
2094=false=554,2055,4491,4492,4494,4495
2095=false=555,556,558,2097,2098,4469,4490
2096=false=558,560,563,2044,2081,4471,4472,4479
2097=false=550,551,556,2095,2098,4467,4468,4496
2098=false=551,553,2095,2097,4452,4469,4470
2099=false=572,2100,4407,4408,4409
2101=true=536,537,4410,4412
2100=true=536,2099,4408,4409
2103=true=1047,1048,1049,2102,2104
2105=false=729,731,1048,2104,4215
2104=false=727,731,1048,1049,2103,2105
2106=true=731,1850,2107,2108,2186,2742
2102=false=724,1047,1049,1052,1053,1058,2103,2446
2107=false=730,731,2106,2108,2188
2111=false=726,2112,2744,4201,4232
2109=false=722,730,2110,2187,2188,4202
2110=false=722,726,730,2109,4201
2108=false=730,2106,2107,2742,2743,4201
2112=true=726,2111,2113,2744
2113=true=726,2112
2114=false=697,702,720,721,723,2115,2747
2115=false=697,703,723,2114,2136,4203
2117=false=718,719,2122,2190,2191,2193,4206
2119=false=714,715,2118,2120,4208
2116=false=717,1057,1060,2189,2190,4220,4221
2121=false=712,2192
2120=false=461,2118,2119,4208
2122=false=707,2117,2123,2191,4206,4207
2118=false=461,714,1066,2119,2120,2355,2360,2368,2434
2126=false=459,461,2125,2364
2123=false=706,707,711,2122,2192,4207
2124=false=710,739,2074,4209,4210
2127=false=452,458,460,739,2125,4210
2128=false=2074,4516,4520
2125=false=460,461,739,2126,2127,2364
2130=false=677,705,2131,2132,4205,4517
2131=false=678,705,2130,2132,2133
2133=false=678,705,2131,2134,2135
2132=false=678,2130,2131,2167,2395
2135=false=678,2133,2134,2170
2136=false=696,697,703,1816,2115
2137=false=688,691,692,2140,2178,4195
2138=true=690,691,695
2141=false=2140,2142,2143,2176,4196
2139=true=690
2140=false=688,690,691,2137,2141,2176,4196
2134=false=705,706,711,2133,2135,2170,2183,2184,4204
2142=true=685,2141,2143,4196
2145=true=685,1821,1822
2144=false=1838,2143,2175,2176
2143=false=685,1821,1838,2141,2142,2144,2176
2146=false=684,686,1821,1838,2147
2147=false=684,686,2146,2150,2151
2148=true=684,1824,2149,2150
2149=true=1824,2148
2150=false=669,684,1824,2147,2148,2151,2152
2151=false=683,686,1833,2147,2150,2152
2154=true=2155
2152=false=669,1829,1833,2150,2151,2153
2153=false=670,1829,1833,2152,2156
2155=true=738,2154
2156=true=670,1829,2153,2157
2157=true=667,670,2156,2158
2158=false=665,667,670,1840,2157,2174
2160=true=666
2159=true=666,665,2161,2162
2161=true=2159,2162,2164,2372
2162=false=665,1840,2159,2161,2163,2164
2164=false=616,664,2161,2162,2163,2372
2163=false=664,673,674,1840,2162,2164,2173
2165=false=660,661,662,663,2166
2166=false=583,660,661,2165
2168=false=673,674,675,680,4199,4213
2167=false=661,678,2132,2748
2169=false=679,680,689,2170,2183,4211
2170=false=679,2134,2135,2169,2183
2171=false=680,681,682,687,689,700,2172,4211
2172=false=671,672,681,682,2171
2173=false=671,672,673,680,1840,2163,2174,4199
2174=false=670,671,1833,1840,2158,2173
2175=false=682,687,688,1838,2144,2176,4197
2176=false=688,2140,2141,2143,2144,2175
2178=false=692,693,694,1836,2137,2177,4195
2180=false=689,699,2181,2183,4198
2177=false=693,697,701,702,2178,2179,4195
2179=false=693,694,698,700,701,2177,2181,4223
2181=false=698,699,700,2179,2180,4198
2182=false=699,708,709,2184
2183=false=689,699,2134,2169,2170,2180,2184
2184=false=699,708,2134,2182,2183,4204
2185=false=725,727,728,1053,4218
2186=false=731,1850,2106,4217
2187=false=722,725,2109,2188,4200,4202
2188=false=730,731,2107,2109,2187,4200
2190=false=719,2116,2117,2189,2193,4221
2189=false=716,719,1060,2116,2190
2192=false=2121,2123,4207
2191=false=707,708,709,2117,2122,2193
2196=true=330,422,462,2204,4303
2195=true=287,463,1856,2447
2197=false=463,2201,2208,2416,2417
2198=false=2199,2201,2208,4306
2199=false=425,2198,2208,4306
2201=false=2197,2198,2208
2202=false=419,420,421,424,2205,4299,4305
2193=false=709,720,2117,2190,2191,4221
2203=false=420,423,4301,4305
2204=false=419,422,423,2196,4301,4302,4303
2205=false=419,424,2202,4304
2206=false=2207,4293,4294,4304
2207=false=416,2206,2211,4294
2208=false=464,2197,2198,2199,2201,2417
2209=false=413,2210,2211,4290,4291,4294
2210=false=413,414,2209,2211
2211=false=2207,2209,2210,4294
2213=false=428,2216,4335,4337
2212=false=4300,4338,4339
2214=false=427,437,2236,2349,4341
2215=false=414,417,426,428,4337,4338
2217=false=412,430,4331,4342
2218=false=4171,4329,4330,4331
2216=false=427,428,2213,2222,4335
2219=true=431,2223,4332
2221=false=2236,2350,4324,4325,4326,4336
2220=false=431,432,434,435,4327,4345
2223=false=431,2219,4329,4330,4332,4345
2222=false=427,429,433,2216,4171,4334,4335
2224=false=435,436,446,449,2229,2230,4324
2225=false=447,448,449,451,2229
2226=false=448,451,452,578,2227
2227=false=450,451,452,1968,2226,4343
2230=false=435,2224,2229
2228=false=444,445,446,449,450,4343
2229=false=447,449,2224,2225,2230
2231=true=504,505,575,576
2234=false=432,433,4171,4330,4345
2235=false=427,2236,4326,4336
2233=true=434,575,2232,4327
2232=false=434,575,576,2233
2237=false=1113,1115,1116,2240
2236=false=427,437,2214,2221,2235,2350,4326
2238=false=1114,1116,1117,1120,2239,2240,2241
2239=true=1113,1114,1116,2238
2242=true=1118,1119
2241=true=1114,1117,1118,2238
2240=false=1115,1116,1120,2237,2238,2244,2245
2243=false=2244,2245,2246
2244=false=1115,2240,2243,2245
2245=false=1120,1123,1124,2240,2243,2244,2246,2248
2246=false=1123,1131,2243,2245,2247,2260
2248=false=1117,1120,1121,1124,2245
2249=false=1122,1123,1124,2250
2250=false=1122,1123,1134,2249,2253
2247=false=1129,1132,2246,2260
2252=false=1125,1135,1137,2253,2254,2267
2253=false=1122,1125,1134,1135,2250,2252
2254=false=1125,1138,2252,2255,2256,2267
2255=false=1125,1138,2254,2257
2256=false=1136,1138,1143,2254,2267,2295
2257=false=1138,1139,2255,2258
2258=true=1126,1139,2257
2259=false=1131,1132,2260,2261,2262,2263,2264
2261=false=1131,1134,2259,2263
2260=false=1131,1132,2246,2247,2259
2262=false=1130,1132,1133,2259,2264
2263=false=1134,1135,2259,2261,2264,2265
2264=false=1133,2259,2262,2263,2265,2268
2266=false=1135,1136,1137,2265,2267
2265=false=1135,1136,2263,2264,2266,2268
2267=false=1136,1137,2252,2254,2256,2266
2268=false=1133,1136,1142,2264,2265,2269,2271
2269=false=1142,2268,2270,2271,2273
2270=false=1142,1148,2269,2273,2278
2271=false=1130,1133,2268,2269,2272,2273
2273=false=1148,2269,2270,2271,2272,2276
2272=false=2271,2273,2274,2276
2274=false=2272,2275,2276
2276=false=1148,1156,2272,2273,2274,2275,2279
2275=false=1156,2274,2276,2277,2475
2278=false=1142,1143,1148,1150,2270,2293
2277=false=1156,1158,2275,2284,2475
2279=false=1148,1149,1155,1156,2276,2280,2282
2280=false=1155,1161,2279,2281,2282,2283
2281=false=1153,1154,1155,1161,2280
2282=false=1156,1157,2279,2280,2283,2284
2283=false=1157,1160,1161,2280,2282,2285
2285=false=1160,1161,1249,2283
2286=false=1159,1160,2287
2287=false=1157,1159,1160,2286
2284=false=1156,1157,1158,2277,2282
2289=false=1146,1147,1151,1152,2294
2288=false=1158,1159,2932
2290=true=1140,1141,1144,1146,1147,2291
2291=false=1140,1144,2290,2292
2294=true=1147,1151,2289
2292=false=1140,1143,1144,1145,2291,2293,2295
2293=false=1143,1145,1150,1154,2278,2292
2295=false=1138,1140,1143,2256,2292
2297=true=318,322,2296,4308,4309
2296=true=149,2348,317,322,2297
2298=true=319,323,324,1848,2302
2299=true=316,325,326,4312,4313
2300=false=329,1846,2301,4313,4314,4315
2301=false=324,327,329,332,2300,4307,4314
2302=true=324,327,2298
2303=false=332,418,2305,2308,4298,4310
2307=false=4296,4302
2304=true=328,330,1846,4315
2305=false=329,331,418,2303,2306,4310
2306=false=331,418,2305,4295,4296,4302
2308=false=377,407,418,2303,4292,4298
2309=false=406,407,411,2310,2314,4292
2310=false=406,410,411,415,2309,4291
2311=false=409,410,2312,4288
2312=false=410,2311,4288,4290,4291
2313=true=327,377,378,1849,4298
2316=false=361,362,363,4316,4317
2314=false=405,406,407,2309
2317=false=359,2318,2319,4318,4323
2315=true=361,364,365,2320,4316,4318
2319=false=1233,2317,4320,4323
2318=false=359,2317,4317,4323
2320=true=360,2315,2321
2321=true=360,2320,2324
2322=false=1228,1234,2323
2323=false=1228,1229,1232,1234,2322,2324
2325=true=358,2326
2324=true=1232,2321,2323
2326=true=357,2325
2327=false=380,383,4268,4272
2328=false=383,384,393,4269,4272
2329=true=384,385,2330,2331,4269
2330=false=384,385,393,2329,2337,4273,4277
2331=true=385,2329,2332,4277,4278
2333=true=395,397,2339
2332=false=386,2331,2335,4277,4278
2336=false=2335,2339,4275
2335=false=386,391,2332,2336
2337=false=393,2330,2338,4273,4274
2340=true=394,408,2338
2338=false=393,394,2337,2340,4274
2339=false=395,2333,2336,2347,4275
2341=true=2342,4286,4287
2342=true=401,2341
2343=false=389,402,2344,2345,4283,4284
2345=false=388,389,2343,2344,4281
2344=false=390,391,2343,2345,4281,4282
2348=true=318,2296
2346=true=386,4278,4279,4282
2347=true=392,394,395,2339,4274,4275
2349=false=437,438,443,2214
2350=false=437,438,441,444,445,2221,2236,4325
2352=false=456,1970,2351,2358
2351=false=471,472,1966,2352,2353,2358
2353=false=1966,2351,2358,2359,2369
2356=false=457,459,1969,2363,2364
2355=false=478,2118,2360,2434
2354=false=476,478,479,1071,2360,2434
2357=false=479,1071,1075,2359,2369
2359=false=476,479,2353,2357,2358,2369
2358=false=456,476,2351,2352,2353,2359,2361
2362=false=438,441,443,1973,2370
2360=false=476,477,478,2118,2354,2355
2363=false=441,442,454,455,457,1967,1969,2356
2361=false=456,459,476,477,1969,2358
2364=false=457,459,460,2125,2126,2356
2365=false=466,469,474,2367,2418
2366=false=470,472,474,1965,2420
2367=false=465,469,470,474,2365
2368=false=459,461,477,2118
2371=false=613,615,616,663,1844,2381
2370=false=440,443,471,1973,2362
2372=true=610,613,616,2161,2164
2373=true=608,611,1016,1022,2382
2369=false=1075,1076,1966,2353,2357,2359,2441
2374=true=606,607,2375
2376=true=605,2377,2380
2377=true=2376,2380
2378=false=605,609,1823,2375,2380
2375=false=605,606,607,608,1022,1823,2374,2378
2379=false=603,604,609,612
2382=false=608,611,2373,2383,2384
2380=true=604,605,609,2376,2377,2378
2381=false=587,602,615,660,663,2371
2383=false=608,609,612,2382,2384,2386
2385=false=614,1817,2384,2386,2388
2384=false=611,614,2382,2383,2385,2386
2386=false=600,612,2383,2384,2385,2388
2387=true=591,592,600,2390,2404
2388=false=600,601,1817,2385,2386,2389
2389=false=592,600,601,2388,2403
2390=true=593,2387,2391,2404
2392=true=595,596,598
2393=true=598,599
2394=true=593,594,595,2391
2391=true=593,2390,2394
2395=false=2132,2396
2398=false=580,2041,2397,4393
2396=false=582,2395,2397,4404,4405
2397=false=2396,2398,4393,4404,4405
2399=false=580,581,584,4393,4394,4395
2401=false=585,588,589,4395,4397,4398
2400=false=582,583,584,4393,4397,4406
2402=true=579,1815,4396
2403=true=590,591,592,601,2389
2404=true=591,2387,2390
2406=true=282,283,1943,1944,1974
2405=false=261,268,281,282,1756,1943
2407=false=280,289,290,298,1944,1945
2410=true=284,285
2408=false=298,299,300,302,4116,4255
2409=false=288,291,299,467,2411,2413
2411=false=283,290,291,2409,2412,2413
2412=true=283,286,1974,2411,2413
2413=false=286,288,2409,2411,2412,2414
2414=false=286,287,288,463,468,2413,2416
2415=false=302,303,304,467,1971
2416=false=463,468,2197,2414,2417
2417=false=464,466,468,2197,2208,2416
2419=false=303,304,473,1081,2418
2418=false=303,466,473,474,1971,2365,2419
2421=false=1082,1965,4265,4267
2420=false=472,475,1965,1966,2366,2444
2422=false=306,1081,1082,1083,2423,4264
2424=false=162,261,1940,2959,2960,2961
2423=false=304,306,1081,1754,1778,2422
2428=false=1069,1071,1074,2429,2433
2427=false=1073,1074,1075,1076,1078,1080
2429=false=1068,1069,1070,2428,2433
2430=false=1067,1070,2431,2445
2432=false=1061,1062,1064,2443
2433=false=480,1064,1068,1071,2428,2429,2434
2431=false=1059,1061,1067,2430,2436
2434=false=478,480,1066,1071,2118,2354,2355,2433
2435=false=1045,1051,1052,1054,1055,2446
2436=false=1054,1059,2431,2437
2437=false=1045,1054,2436
2438=false=1042,1043,1045,1046
2441=false=1076,1078,1966,2369,2444
2439=false=1036,1039,1040,1041
2444=false=305,475,1078,1966,2420,2441
2443=false=1062,1063,1064,1065,2432
2442=false=1054,1055,1059,1060,1062
2440=true=1035,1038
2447=true=285,287,2195
2449=false=354,355,2448,2450,2451,2452
2448=false=355,2449,2474
2451=true=354,355,2449
2450=false=352,353,2449,2452,2472
2445=false=1069,1070,1073,2430
2446=false=1052,1055,1056,1058,2102,2435
2452=true=353,354,2449,2450
2453=true=352,353,2454,2473
2454=false=340,341,352,1882,2453,2455,2473
2455=true=341,1882,2454
2456=false=350,351,352,2457,2472
2458=false=339,350,351,2459
2457=false=350,2456,2472
2459=false=338,339,350,2458,2462,2463
2461=true=337,338,2462
2462=false=336,337,338,2459,2461,2463
2460=false=346,349,1127,2466
2464=false=346,348,2466
2463=false=336,349,350,2459,2462,2465
2465=true=335,336,343,2463
2467=false=342,343,349,2468,2469
2466=false=346,348,1127,2460,2464
2468=false=344,345,2467,2469
2469=true=342,345,2467,2468
2470=true=344,345,348,1110
2473=true=341,2453,2454
2472=false=352,2450,2456,2457
2476=true=867,868,876,2616,2620
2474=false=2448,2475
2475=false=2275,2277,2474
2477=true=871,2479,2480,2481
2478=false=867,868,869,870
2479=false=870,871,2021,2477,2480
2481=true=872,2477,2480,2482
2480=false=2477,2479,2481
2484=true=874,2485
2482=false=872,873,2481,2483
2483=false=873,2019,2482,2486,2488
2485=true=873,874,2484,2486
2487=false=2003,2486,2488,2607
2486=false=873,874,2483,2485,2487,2488,2607
2488=false=2019,2483,2486,2487
2489=false=2019,2020
2492=false=877,879,881,2494,2495
2493=false=875,879,2491,2494
2491=false=867,875,876,879,2493
2490=false=2020,2506
2494=false=875,878,879,2492,2493,2495
2495=false=878,880,881,2492,2494
2496=false=878,880,882,885,889
2497=false=882,883,885,2498,2500,2666
2498=false=863,864,881,882,2497,2666,2667
2499=true=883,884,2666,2667,2668
2500=false=883,885,886,887,2497
2501=false=2004,2006,2502,2503
2502=false=2004,2501,2503,2510,2598
2503=false=2006,2008,2501,2502,2504,2510
2504=false=1809,2006,2008,2503,2505,2506
2505=false=1809,2008,2009,2504
2506=false=1809,2006,2020,2490,2504,2507
2508=false=901,903,2009,2625,2672
2507=false=1809,2009,2506,2625
2509=false=890,891,896,898,899,902,2515
2510=false=909,2005,2008,2502,2503,2511,2598
2512=false=904,906,907,908,913,2517,2518
2511=false=906,909,1008,1010,2005,2016,2510
2513=false=900,902,904,905,913,915,917
2515=false=894,896,897,899,2509
2514=false=897,899,900,902,916,918,939,2520
2516=true=893,2014,2665
2517=false=908,910,2512,2518
2520=false=916,939,940,2514,2519,2523
2519=false=915,916,942,2520,2523
2518=false=911,912,913,2512,2517
2522=false=942,943,944,945,946,2521
2523=false=940,942,943,2519,2520,2524
2521=false=2587,944,945,2522
2524=false=940,943,946,2523,2525,2526
2525=false=946,947,948,2524,2526
2527=false=918,919,931,934,935,2531
2526=false=940,941,948,951,2524,2525,2548
2528=false=895,918,919,920,2529
2530=true=920,921,922,2529
2529=false=895,920,921,2014,2528,2530
2531=false=919,925,931,2527,2532
2532=false=919,920,922,924,925,2531
2533=true=923,924,925,928,2537
2534=true=926,927,928,2535,2537,2539
2536=true=926,2535
2537=false=925,928,930,2533,2534,2538,2539
2535=true=926,2534,2536
2538=false=929,930,2537,2539,2540
2539=true=927,929,2534,2537,2538
2540=false=929,930,931,2538,2541
2541=false=929,931,932,933,936,2540,2542
2542=true=929,932,2541
2543=true=932,933,2545,2546
2545=false=933,937,2543,2544,2546
2544=false=933,936,937,949,2545,2549
2546=true=937,938,2543,2545
2548=false=935,936,941,949,951,2526
2547=true=937,938,950,2549
2550=true=952,953,2011,2549,2553
2549=false=937,949,950,952,2011,2544,2547,2550
2553=false=953,955,2011,2550,2551,2552,2554,2556
2551=false=948,951,2552,2553,2555,2556
2552=false=949,951,2011,2551,2553
2554=true=950,953,955,956,957,2553
2555=false=948,954,2551,2556,2557
2556=false=955,2551,2553,2555,2557
2558=false=960,961,963,964,965,2023,2639
2560=true=965,966,2010
2557=false=954,955,959,2023,2555,2556
2559=false=961,963,964,969,989,2563,2584,2585
2561=true=966,967,968
2562=false=966,968,969,970,2564
2563=false=969,2012,2559,2564
2564=false=969,970,2012,2013,2562,2563,2565
2565=false=971,2012,2013,2564,2567
2566=true=971,2567,2570
2568=true=984,2569
2567=false=971,2012,2565,2566,2570,2571,2582,2583
2569=true=982,984,2568
2570=true=985,2566,2567,2571
2572=true=985,986,2571
2571=false=985,986,2567,2570,2572,2582
2576=true=2578,996,2577
2573=true=980,981
2578=true=2576
2577=true=995,2576,2579
2575=true=997,2574
2574=true=2575
2579=false=994,995,2577,2580
2581=false=991,992,1002,2580,2588
2580=false=990,992,993,994,1002,2579,2581
2582=true=986,2567,2571,2583
2583=true=990,994,2012,2567,2582,2584
2584=false=990,993,2012,2559,2583,2585
2586=false=987,988,2587,2670
2585=false=988,989,991,992,993,2559,2584
2587=false=2521,1001,911,987,2586
2588=false=991,1001,1002,2015,2581,2589,2590
2589=false=1000,1002,1003,2588,2590
2590=false=1003,2015,2588,2589,2591
2591=false=1003,1007,2015,2590
2593=false=910,1007,1008,1009,2016
2592=true=1004,1005
2594=false=1005,1006,1009,1011
2596=false=1011,1813,2005,2597,2598
2595=false=1813,2017,2597,2599
2597=false=1813,2017,2595,2596,2598
2598=false=2004,2005,2017,2502,2510,2596,2597
2599=false=2017,2595,2600
2601=false=2017,2018,2600,2603
2602=false=2004,2017,2018
2600=false=2017,2599,2601
2603=false=2018,2601,2604,2605
2604=false=2603,2605,2606
2605=false=2003,2018,2603,2604,2606,2607
2606=false=973,974,2604,2605,2607,2610
2607=false=874,973,2003,2486,2487,2605,2606
2610=true=973,974,2606
2609=true=975,976
2614=false=857,858,861,2619,2667,2668
2612=true=977,978
2615=false=853,856,857,2617,2622,2626,2642
2617=false=854,855,856,2615,2621,2622
2616=true=862,863,876,877,2476,2620
2618=false=859,860,861,862,864
2619=false=856,857,860,861,2614
2611=true=978
2613=true=976,977
2621=false=854,2617,2622,2624,2643,2657
2622=false=2615,2617,2621,2623,2624,2626
2620=true=865,2476,2616
2623=false=851,2622,2624,2626,2627,2643,2645
2624=false=2621,2622,2623,2643
2626=false=852,853,2615,2622,2623,2645
2627=true=851,2623,2645,2648
2628=false=852,2629,2630,2644,2645,2646,2647
2629=false=844,847,2628,2630,2631,2646
2625=false=889,890,2009,2507,2508,2672
2630=true=2628,2629,2631,2647
2631=true=844,2629,2630,2632,2649
2633=true=845,846,2634,2651,2652
2632=true=842,2631,2635,2649,2650
2634=true=842,843,845,2633,2650,2652
2636=true=841,842,843,2635,2637,2653
2635=false=841,842,2632,2636,2638,2649
2637=true=839,840,2636,2653,2662
2638=true=841,2635,2649
2639=true=956,962,965,2023,2558
2640=true=837,839,2661,2662
2641=true=848,857,858,2642
2644=false=850,852,2628,2647
2642=false=848,853,857,2615,2641
2643=false=851,2621,2623,2624,2657
2645=false=849,852,2623,2626,2627,2628,2646,2648
2647=true=848,850,2628,2630,2644
2648=true=849,2627,2645
2646=false=847,849,2628,2629,2645
2651=true=845,2633
2649=true=844,2631,2632,2635,2638
2650=true=842,845,2632,2634
2652=true=846,2633,2634
2653=true=839,841,2636,2637
2655=true=485,486,2654,2656
2654=true=486,2655,2656
2657=true=851,854,2621,2643
2658=true=488,489,490,2659
2656=true=484,485,2654,2655
2659=true=489,490,2658
2661=false=837,838,840,2640,2660,2662
2662=false=839,840,2637,2640,2661
2660=true=837,838,2661,2663
2663=true=836,2660
2665=true=887,888,2014,2516,2669
2664=true=835,836
2666=false=883,2497,2498,2499,2667
2667=false=861,864,2498,2499,2614,2666,2668
2670=false=987,988,989,2586
2669=false=886,887,892,894,2014,2665
2668=true=858,2499,2614,2667
2671=false=988,991,1001
2673=true=617,2674,2685
2674=true=618,619,2673,2685
2672=false=890,898,901,2508,2625
2675=true=618,619,620,2682
2679=true=
2676=true=620,2677,2681
2677=true=659,621,622,2676,2680,2681
2678=true=622
2680=true=621,2677,2681
2681=true=620,2676,2677,2680,2682
2682=true=619,620,2675,2681
2683=true=
2684=true=
2686=true=597
2687=true=624,625,630,2688
2685=true=617,619,2673,2674
2689=true=625,626,629,2688,2690
2688=true=625,630,2687,2689
2690=true=626,628,629,2689,2691
2692=true=628
2693=true=631,632
2691=true=627,628,2690
2696=true=
2697=true=656,658,2698,4349
2694=true=732,734,736
2695=true=633,635
2698=true=657,658,2697,4348
2702=true=653,2701,4355
2699=true=654,4349
2700=true=4351,4350
2701=true=652,653,2702,4355
2703=true=637,2709
2705=true=640,2704
2704=true=636,2705
2706=true=640,2708
2707=true=639,2708
2708=true=2706,2707
2710=true=638,2709,2711
2709=true=637,2703,2710,2711
2711=false=2709,2710
2713=true=644,2714
2712=true=638,639
2717=true=
2716=true=642
2715=true=641,642,643,2714
2714=true=643,2713,2715
2718=true=1245,2724
2720=true=1237,2719
2719=true=2720
2721=true=1237,2722
2722=true=2721,2723
2725=true=
2723=true=2722,2724
2724=true=2718,2723
2727=true=1084
2726=true=1084
2729=true=2728
2728=true=2729
2731=true=2730,2732
2730=true=2731
2732=true=2731,2733
2734=true=1087,1089,1090
2735=true=1086,1087,1088
2733=true=1093,1094,2732
2739=true=1106,1107,1108
2737=true=1107,1108
2736=true=1086
2741=true=
2738=true=1107,1109
2742=true=2106,2108,2743
2744=true=1845,2111,2112,4232
2743=true=732,2108,2742,4201,4232
2745=true=736,4227
2746=false=150,156,160,1765,3000,4176
2749=false=309,310,1961,4260,4261
2750=false=148,149,150,1764,1765
2748=false=661,662,675,678,2167,4212,4213
2751=false=217,219,220,221,1750,2754,2755,2990
2753=true=196,197,198,200
2747=false=702,709,720,2114,4223
2755=false=214,215,217,2751,2989,2990
2754=false=218,219,221,225,1748,2751
2756=false=1218,2757,2760,4158
2752=true=20,23
2758=false=2757,2759,2762,2763,4158
2757=false=2756,2758,2759,4158
2759=false=1217,2757,2758,2763
2760=false=1210,1213,1218,2756,2761,4158
2761=false=1210,1211,1213,2760,2791
2762=false=1213,1223,2758,2763,2770,4158
2763=false=1217,2758,2759,2762,2770
2764=false=1211,1215,2765,2768,2773,2791
2766=false=1226,1227,1230,2767,2787
2767=false=1227,1230,2765,2766,2768,2769
2768=false=1214,2764,2765,2767,2769,2791
2765=true=1215,1230,2764,2767,2768
2769=false=1214,1224,1227,2767,2768,2771
2771=false=1224,1226,1227,2769,2772,4033
2770=false=1217,1223,2762,2763,2772,4033
2772=false=1224,2770,2771,4033
2773=false=1208,1211,1212,1215,2764
2775=true=1205,2776,2794
2774=true=2777,2794,2796,4051
2777=false=2774,2776,2781,2794,4051,4052
2776=false=1205,2775,2777,2780,2781,2794
2779=false=1207,1210,2781
2778=false=1207,1208,2024,2784,2785,2792
2780=false=1205,1207,2776,2781,2782,2785
2781=false=1207,2776,2777,2779,2780,4052
2783=true=2024,2784,2785,2795
2782=true=1205,2780,2785,2795
2784=false=2024,2778,2783,2785
2786=true=1206,2788,2789
2787=false=1226,1230,1232,2766
2785=false=1207,2778,2780,2782,2783,2784,2795
2789=true=1206,2786,2790,2792
2788=true=1206,2786
2790=true=1209,2789,2792
2791=false=1211,1213,1214,2761,2764,2768
2793=true=1208,1209,1212
2794=true=2774,2775,2776,2777
2792=false=1206,1208,1209,2024,2778,2789,2790
2795=true=2782,2783,2785
2796=true=1204,2774,4051
2797=false=1220,1225,1226,1229,2798
2798=false=1220,1222,1225,2797
2799=false=1216,1217,1222,2800,4033
2800=false=1216,1220,1221,1222,2799
2801=false=1219,1221,2802
2802=false=1216,1219,1221,2801
2803=true=502,741,742,743,2804,2805
2805=false=741,742,2803,2939
2804=false=742,743,2803,2889,2931
2806=true=829,830
2807=true=830,834,2808,2809,2813
2808=true=831,2807,2809
2809=false=831,834,2807,2808,2810,2939
2810=false=834,2809,2811,2812,2815,2939
2813=false=830,832,834,2807,2812
2812=false=825,832,834,2810,2813,2814,2815
2811=false=742,2810,2815,2889,2939
2814=false=822,825,2812,2815,2816,2817
2816=false=822,2814,2815
2817=false=822,823,824,825,2814,2818
2815=false=2810,2811,2812,2814,2816
2818=false=820,822,823,2817,2820
2819=true=826,827,828,835
2822=true=812,813,2821
2821=true=813,816,2822,2824
2820=true=819,820,823,2818
2826=true=809,812,2827
2824=false=813,816,817,821,2821,2943
2825=false=812,813,814,2823,2827,2943
2823=false=814,2825,2943,2944,2945
2827=false=809,811,812,814,2825,2826
2830=false=808,2829,2833,2947
2828=true=804,805,806,807,2829
2829=false=804,807,808,2828,2830,2947
2831=false=796,797,802,804,805,2942
2834=false=800,801,2835,2882,2941
2835=false=795,2834,2838,2882,2940,2941
2833=false=802,803,2830,2832,2947
2832=false=800,803,2833,2900,2901
2836=false=791,794,2837,2839,2842
2838=false=794,799,2835,2837,2882,2883,2940
2837=false=794,2836,2838,2839,2940
2839=false=791,792,2836,2837,2840,2841,2940
2840=true=793,2839,2841,2940,2946
2841=true=792,2839,2840
2843=false=791,792,2844,2845
2842=false=790,791,794,2836,2844,2846,2878
2844=false=791,2842,2843,2845,2846,2847,2877
2845=false=792,2843,2844,2862,2877
2847=false=2844,2846,2861,2865,2867,2877
2849=false=778,2846,2848,2860,2861
2846=false=790,2842,2844,2847,2848,2849,2861
2850=true=772,773,2851
2851=true=772,2850
2848=true=772,777,778,790,2846,2849,2852,2853
2852=false=772,773,2848,2853,2879
2853=false=777,2848,2852,2855,2858,2859,2879
2855=false=768,2853,2859,2879,2884,2887
2854=false=775,790,794,2858,2878,2883
2858=false=775,777,790,2853,2854,2859
2859=false=768,775,2853,2855,2858
2856=false=789,833,1178,1180,1181,2880
2857=true=773,2879,2884,2887
2860=false=778,779,2849,2861,2865,2866
2861=false=2846,2847,2849,2860,2865
2862=true=787,792,2845,2877
2863=false=785,786,2865,2867,2868,2870,2872
2866=false=779,786,2860,2865
2864=false=1175,1176,1178,2880
2865=false=786,2847,2860,2861,2863,2866,2867
2867=false=2847,2863,2865,2872,2877
2868=true=780,786,2863,2870
2870=false=780,785,2863,2868,2871,2875
2869=true=781,782,783,2876
2871=false=785,2870,2873,2874,2875
2872=false=784,785,787,2863,2867,2877
2875=false=780,2870,2871,2874,2876
2874=true=783,2871,2873,2875,2876
2873=true=784,785,2871,2874
2876=false=780,781,783,2869,2874,2875
2877=false=787,2844,2845,2847,2862,2867,2872
2878=false=790,794,2842,2854
2879=false=773,2852,2853,2855,2857,2884
2880=false=1178,2856,2864
2881=false=776,799,2882,2893,2903,2920
2884=false=2855,2857,2879,2887
2883=false=775,776,794,799,2838,2854
2882=false=799,800,2834,2835,2838,2881,2902,2903
2885=false=752,2913,2914,2915,2916,2917,2918,2925
2886=true=749,751,752,2924
2888=false=758,2903,2904,2905,2906,2920
2887=true=768,769,2855,2857,2884,2895
2889=false=742,2804,2811,2931,2933
2890=true=2929,748,747,2935
2891=false=759,765,2892,2908,2917,2918,2919
2892=false=765,2891,2893,2894,2896,2897,2907,2919
2893=false=768,776,2881,2892,2897,2906,2907,2920
2894=false=763,764,765,766,2892,2896,2899
2895=false=766,768,769,2887,2896,2897
2896=false=766,2892,2894,2895,2897
2897=false=768,2892,2893,2895,2896
2898=false=759,760,761,765,2899,2916
2899=false=761,762,763,765,2894,2898
2900=false=2832,2901
2901=false=800,2832,2900,2902
2902=false=800,2882,2901,2903,2904
2903=false=2881,2882,2888,2902,2904,2920
2904=false=2888,2902,2903,2905
2905=false=758,2888,2904,2909
2906=false=758,2888,2893,2907,2920
2907=false=758,2892,2893,2906,2919
2908=false=758,2891,2909,2911,2918,2919
2909=false=758,2905,2908,2911
2910=false=2911,2923,2925,2926,2928
2912=true=756,2913,2914,2915,2921
2911=false=2908,2909,2910,2918,2925
2913=false=2885,2912,2914,2915
2917=false=759,2885,2891,2916,2918
2915=false=750,752,2885,2912,2913,2921,2922
2914=false=756,757,2885,2912,2913,2916
2916=false=757,759,760,2885,2898,2914,2917
2919=false=758,2891,2892,2907,2908
2921=true=755,2912,2915,2922
2920=false=2881,2888,2893,2903,2906
2918=false=2885,2891,2908,2911,2917,2925
2922=false=750,753,754,755,2915,2921
2924=false=749,752,2886,2923,2925,2926
2923=false=2910,2924,2925,2926
2925=false=752,2885,2910,2911,2918,2923,2924
2927=true=748,749,2926,2928
2926=false=749,2910,2923,2924,2927,2928
2928=false=748,2910,2926,2927,2929
2929=true=2890,748,2928,2935
2930=false=2934,2935
2931=false=743,744,2804,2889
2933=false=2889,2934
2932=false=774,1159,2288
2937=false=744,745,746
2934=false=2930,2933
2938=true=746,747
2935=true=747,2890,2929,2930
2942=false=797,801,802,2831,2941
2941=false=795,801,2834,2835,2942
2940=false=795,2835,2837,2838,2839,2840,2946
2939=false=741,742,831,2805,2809,2810,2811
2943=false=813,821,2823,2824,2825,2945
2946=false=793,795,797,2840,2940
2945=false=815,821,2823,2943
2944=false=808,810,811,814,2823
2947=false=802,804,2829,2830,2833
2949=false=798,1170,1901,2948,4081,4085
2948=false=798,1171,2949,4082,4083,4085
2950=false=1184,1185,1188,2951,2952
2954=true=353
2955=false=64,65,68,71,1868,1872,2957
2951=false=1186,1187,1188,1191,2950,2952
2956=false=64,133,267,1757,2957,2968
2952=false=1183,1184,1186,1800,2950,2951
2957=false=64,67,71,1757,2955,2956
2958=false=42,256,767,1841,1859,1938
2959=false=259,260,1940,2424,2960
2961=false=261,281,1940,2424,2962
2960=false=162,259,262,263,1318,2424,2959,4236
2964=false=51,52,53,57
2965=false=59,61,62,63,66,2967
2962=false=279,281,1940,1942,2961,4247
2963=false=49,254,255,1859,1939,2995,2997
2966=false=60,254,264,1763,2969,4238
2967=false=61,66,267,1757,1771,2965
2969=false=49,50,254,1763,2966
2968=false=133,265,266,267,1770,2956,2970
2971=false=54,55,56,1758,1874,2972
2970=false=60,265,266,1771,2968,4237,4238
2972=false=56,57,81,82,86,1758,1762,2971
2973=false=56,86,99,2975,4381,4382
2974=false=92,93,95,1742,1744,1866
2975=false=84,85,86,95,99,1742,2973
2977=true=114,119,2976,2978
2978=false=114,116,117,2976,2977
2976=false=117,118,119,120,2977,2978
2980=true=101,105,106,115,116
2979=false=101,103,104,105,1862,2981
2981=false=103,1875,2979,2992
2982=true=124,125
2983=true=121,1934,2984,2985
2984=true=123,1934,2983
2985=true=120,121,1933,1934,2983
2986=true=127
2987=false=211,212,213,2988
2988=true=211,213,214,220,2987,2990
2989=false=209,210,214,215,1746,2755
2990=false=214,220,2751,2755,2988
2991=true=102,201,202,204,1875
2992=true=101,102,1875,2981
2993=false=46,47,50,51,2994
2994=true=47,49,50,1858,2993
2996=true=45,46,51,53,1857
2995=true=43,48,49,2963,2997
2997=false=43,1841,1859,2963,2995
2999=true=431,398
2998=false=159,161,268,1756
3000=false=141,1765,1766,1827,2746,3001,4176
3001=false=143,148,1765,1766,1853,3000,4175
3002=false=139,140,141,1827,1831,4239
3003=true=146,164
4020=true=
4021=true=4022,4023,4024
4022=true=1194,4021,4023
4023=false=1194,1792,4021,4022,4024,4025
4024=true=4021,4023,4025
4026=true=4025,4027,4029,4030
4025=true=1792,4023,4024,4026,4027
4028=true=4029,4030,4032
4027=false=1193,1792,4025,4026,4030,4031
4029=true=4026,4028,4030
4031=true=1193,1194,1792,4027
4030=false=1193,4026,4027,4028,4029,4032
4032=true=1193,4028,4030
4033=false=1217,1222,1225,1226,2770,2771,2772,2799
4034=false=788,1192,1195,4035,4038,4048
4035=false=1195,1198,4034,4036,4048,4049
4036=false=1198,4035,4037,4042,4043,4048
4037=false=4036,4040,4043,4048
4039=false=1187,1191,4038,4040,4047
4038=false=1187,1192,4034,4039,4040,4048
4040=false=4037,4038,4039,4045,4047,4048
4043=false=4036,4037,4041,4042
4041=false=1196,1197,4042,4043,4044,4058,4073
4042=false=1196,1198,4036,4041,4043
4044=false=4041,4045,4050,4073,4077
4045=false=4040,4044,4047,4050
4046=false=1190,4047,4050,4104,4106
4047=false=1190,1191,4039,4040,4045,4046,4050
4048=false=4034,4035,4036,4037,4038,4040
4049=true=1195,1198,4035
4050=false=4044,4045,4046,4047,4077,4102,4104
4053=false=4054,4060,4062,4075
4052=false=2777,2781,4051
4051=false=1204,1925,2774,2777,2796,4052,4060
4056=false=4057,4058,4073,4076
4054=false=1273,1925,4053,4059,4060,4062
4057=false=4055,4056,4058,4061,4076
4055=false=1199,1200,1273,4057,4058,4059,4061
4058=false=1197,1199,4041,4055,4056,4057,4073
4061=false=4055,4057,4059,4063,4071,4076
4059=false=1273,4054,4055,4061
4060=false=1925,4051,4053,4054
4063=false=4061,4064,4066,4067,4069,4071
4062=false=4053,4054,4064,4065,4074,4075
4064=false=4062,4063,4065,4066
4065=false=4062,4064,4066,4074
4067=false=4063,4066,4068,4069
4068=false=4067,4069,4070,4109
4066=false=4063,4064,4065,4067
4069=false=4063,4067,4068,4070,4071
4070=false=4068,4069,4071,4072
4071=false=4061,4063,4069,4070,4072,4076
4072=false=4070,4071,4076,4077
4073=false=4041,4044,4056,4058,4076,4077
4074=false=4062,4065,4075
4075=false=4053,4062,4074
4076=false=4056,4057,4061,4071,4072,4073,4077
4079=true=1166,1169,1170,1901,4080
4077=false=4044,4050,4072,4073,4076,4102,4103
4080=true=1168,1170,4079
4078=true=1165,1166
4081=false=1169,1901,2949,4085,4086
4084=false=1171,4082
4082=false=1171,2948,4083,4084,4093,4094
4083=false=2948,4082,4085,4087,4091,4092,4093
4085=false=2948,2949,4081,4083,4086,4087
4086=false=4081,4085,4087,4088,4089
4088=false=4086,4087,4089,4090,4091,4096
4087=false=4083,4085,4086,4088,4091
4089=false=4086,4088,4090
4090=false=4088,4089,4096,4097,4105
4092=false=4083,4091,4093,4096,4107
4091=false=4083,4087,4088,4092,4096
4093=false=4082,4083,4092,4094,4095,4107
4094=false=4082,4093,4095
4095=false=4093,4094,4107,4108
4096=false=4088,4090,4091,4092,4097,4098,4107
4097=false=4090,4096,4098,4099,4105
4098=false=4096,4097,4099,4100,4101,4107
4099=false=4097,4098,4100,4103,4105,4109
4100=false=4098,4099,4101,4102,4103
4101=false=4098,4100,4102,4104,4107,4108
4102=false=4050,4077,4100,4101,4103,4104
4103=false=4077,4099,4100,4102
4105=false=4090,4097,4099,4109
4104=false=4046,4050,4101,4102,4106,4108
4106=false=1189,1190,4046,4104,4108
4107=false=4092,4093,4095,4096,4098,4101,4108
4108=false=4095,4101,4104,4106,4107
4109=false=4068,4099,4105
4111=true=174,180,4386,4387
4112=false=174,175,194,195,196,198,199
4110=true=253,4364,369,252
4115=false=276,280,289,292,1941,4244,4247
4116=false=296,297,298,300,1945,2408
4113=true=11,19,4151,4152
4114=false=11,18,4151
4117=false=294,1959,4147,4248,4250,4260,4261
4119=true=372,375,376,4379,4380
4118=true=374,375,4377,4378
4120=false=373,374,4377,4379
4121=true=249,372,373
4125=false=153,155,162,1318,1953
4123=false=19,27,29
4126=false=153,155,1767,1864,1954,4173
4122=false=1755,1955,1958,4256,4258,4259,4262
4124=false=31,32,1776,4152
4130=true=234,239,4373,4374
4128=false=158,160,161,1951,4127
4127=false=157,158,1951,1952,4128
4141=true=54,13,44,1775
4142=true=14,1984,4149
4143=true=5,16,17,22,4164
4131=true=4193,1025,1026,4192
4129=false=1079,1755,1964,4256
4144=true=17,4145
4145=true=24,4144
4147=false=308,1956,4117,4248,4250,4253
4149=true=14,13,15,1984,4142
4148=false=274,275,311,771,1960,4243
4150=false=218,227,228,229,1747
4158=false=1213,2756,2757,2758,2760,2762
4163=true=7,16,26,4164,4166
4164=false=5,16,4143,4163
4165=true=6,26,1982,4166
4152=false=31,19,1776,4113,4124,4151
4166=false=3,7,26,1982,4163,4165
4173=false=140,1767,1954,4126,4239
4174=true=143,4175
4171=false=429,433,2218,2222,2234,4330
4151=false=11,315,1776,1777,4113,4114,4152
4175=true=138,143,1766,3001,4174
4176=false=141,156,1954,2746,3000
4180=true=1012,1014,4181
4181=true=1012,1014,4180,4182
4183=true=1017,1018,1825
4184=true=1018,1019,1825,1830
4182=true=1014,1818,4181
4185=true=1019,1020,1021,1023,1830
4187=true=1021,1832,4359
4186=true=1014,1825,1819,1820
4189=true=1028,1029,1839
4188=false=1024,1029,1835,1837,1839,1843,4360
4190=true=1027,1028
4191=false=1026,1027,1028,1843
4192=true=1025,4131
4193=true=4131,1847
4194=true=703,704,1816
4196=true=690,2140,2141,2142
4195=false=691,695,696,697,2137,2177,2178
4197=false=682,683,686,1838,2175
4198=false=689,700,2180,2181
4199=false=673,680,2168,2173
4200=false=725,728,731,2187,2188
4202=false=722,2109,2187
4201=false=726,730,2108,2110,2111,2743,4232
4203=false=703,704,722,723,726,2115
4205=false=677,705,2130,4519
4206=false=713,718,2117,2122,4207
4204=false=706,2134,2184
4208=false=715,2119,2120
4209=false=712,739,2124
4210=false=739,2124,2127
4207=false=713,715,2122,2123,2192,4206
4213=false=675,679,680,2168,2748,4212
4212=false=679,2748,4213
4211=false=680,689,2169,2171
4214=false=1048,1050,4215,4216
4215=false=729,1048,2105,4214,4216
4217=true=729,731,1850,2186
4216=true=729,1050,4214,4215
4219=false=721,722,723,724,4218
4218=false=722,724,725,1053,2185,4219
4220=false=717,1057,2116
4221=false=717,720,2116,2190,2193
4227=true=736,737,2745,4228,4229
4222=false=716,718,719
4228=true=737,4227
4229=false=734,736,737,1013,4227,4230
4230=true=734,735,1013,4229
4223=false=698,701,702,709,2179,2747
4231=true=732,733,734,735,1845
4232=false=732,1845,2111,2743,2744,4201
4236=false=154,263,1318,1772,2960,4237
4237=false=263,265,1772,2970,4236,4238
4238=false=60,263,264,2966,2970,4237
4239=false=140,141,1954,3002,4173
4240=false=135,153,1772,1864
4241=false=37,38,273,1834,1935
4243=false=293,311,771,1752,4148,4245
4242=false=275,276,292,770,771
4244=false=289,292,293,297,1945,4115,4246
4245=false=293,296,297,1752,4243,4251
4246=false=292,293,771,4244
4247=false=279,280,1941,1942,2962,4115
4248=false=294,295,4117,4147,4253
4249=false=294,295,1752,1959,4251
4250=false=308,314,1753,4117,4147,4261
4251=false=295,296,1752,4245,4249
4252=false=295,296,300,301,307,4253
4254=false=306,1753,1754,1956,1957
4253=false=295,307,1956,4147,4248,4252
4255=false=300,301,302,2408
4259=false=312,314,1958,4122,4262
4256=false=1755,1955,4122,4129,4257
4258=true=313,1955,1958,4122
4257=true=1955,4256
4260=false=310,1752,1959,2749,4117,4261
4261=false=309,312,314,2749,4117,4250,4260
4264=false=1081,1082,2422,4267
4263=false=314,1753,1755,1957,4262
4262=false=314,1755,4122,4259,4263
4265=false=305,475,1082,1965,1972,2421
4266=false=305,1079,1962,1972
4267=false=473,1081,1082,1965,2421,4264
4268=true=365,379,380,383,2327,4269
4270=false=380,381,4271,4272
4271=false=381,382,405,4270
4269=true=383,384,2328,2329,4268
4274=false=392,394,2337,2338,2347,4273
4275=false=392,2336,2339,2347,4273
4272=false=380,383,393,2327,2328,4270
4273=false=392,2330,2337,4274,4275,4277
4278=true=386,2331,2332,2346
4277=false=385,2330,2331,2332,4273
4280=false=387,388,4279,4281
4279=true=387,390,2346,4280,4281,4282
4281=false=388,390,2344,2345,4279,4280
4283=true=389,402,2343
4282=false=386,390,391,2344,2346,4279
4285=false=398,399,403,404
4286=true=400,2341,4287
4284=true=401,402,2343
4287=false=400,403,2341,4286
4288=false=408,412,2311,2312,4290
4289=false=412,413,4290,4342
4290=false=412,413,2209,2312,4288,4289,4291
4291=false=410,415,2209,2310,2312,4290,4294
4292=false=407,411,418,2308,2309,4295
4293=false=411,415,2206,4294,4296
4294=false=415,2206,2207,2209,2211,4291,4293
4295=false=411,418,2306,4292,4296
4297=false=378,382,405,1849
4298=false=327,332,377,2303,2308,2313
4296=false=411,2306,2307,4293,4295
4301=false=422,423,2203,2204
4299=false=421,425,2202,4305
4300=false=416,424,2212,4339,4340
4302=false=331,419,2204,2306,2307,4303
4303=false=330,331,2196,2204,4302
4305=false=420,2202,2203,4299
4304=false=416,419,424,2205,2206
4306=false=425,2198,2199
4309=false=318,319,2297,4308
4308=false=319,322,1848,2297,4309,4311
4310=false=329,332,2303,2305
4307=false=323,324,326,2301,4314
4311=false=322,323,326,1848,4308,4312
4312=false=316,317,322,326,2299,4311
4313=false=325,326,328,1846,2299,2300,4314
4314=false=326,2300,2301,4307,4313
4315=false=329,1846,2300,2304
4316=true=361,363,364,2315,2316
4318=false=359,361,2315,2317
4317=false=358,359,361,362,2316,2318
4319=false=360,1231,1233,4320
4320=false=360,1233,2319,4319
4325=false=445,446,2221,2350,4324
4324=false=436,446,2221,2224,4325,4336
4326=false=2221,2235,2236,4336
4323=false=1233,2317,2318,2319
4329=false=430,2218,2223,4330,4331,4332
4327=true=431,434,2220,2233
4330=false=2218,2223,2234,4171,4329,4345
4331=false=430,2217,2218,4329
4332=true=430,2219,2223,4329
4335=false=429,2213,2216,2222
4334=false=427,432,433,436,2222,4336
4337=false=414,428,2213,2215
4338=false=414,417,2212,2215,4339
4339=false=417,2212,4300,4338,4340
4340=false=421,424,4300,4339
4336=false=427,436,2221,2235,4324,4326,4334
4341=false=426,2214
4342=false=412,413,2217,4289
4345=false=431,432,2220,2223,2234,4330
4344=false=453,454,1967,1968,4343
4343=false=444,450,453,1968,2227,2228,4344
4348=false=657,658,2698
4350=true=2700,4356
4351=true=4354,2700,4352
4349=true=656,2697,2699
4352=true=4353,4351
4353=true=4355,4352,654
4355=true=4353,2701,2702
4356=true=4350,655
4354=true=4351,652,653
4359=true=1020,1030,1832,1835,4187
4360=true=1030,1835,1839,4188
4361=true=246,247,248,249,4362
4362=true=247,249,4361
4365=true=
4366=false=240,241,242,4369
4363=true=4364,248,249,250,252
4367=true=243,245,1861,4368
4364=true=253,4110,4363
4368=true=245,246,4367
4370=false=236,237,238,243,1860,4376
4369=true=241,242,4366
4371=true=234,235,236,237
4372=false=237,239,240,1861,4375,4376
4373=true=233,4130,4374
4374=true=234,4130,4373
4376=false=237,243,1861,4370,4372
4375=true=240,242,244,245,1861,4372
4377=false=374,375,4118,4120,4379
4379=false=372,373,375,4119,4120,4377
4381=true=99,100,2973,4382
4378=true=4118
4380=true=372,4119
4383=true=95,96,97,98
4382=true=56,100,1931,2973,4381
4384=false=169,171,172,177,4385
4385=true=168,169,177,1879,4384
4386=true=172,178,180,4111
4387=false=174,180,194,195,4111
4388=false=167,168,182,183,184,1879,4389
4390=false=185,186,187,4392
4389=false=177,178,179,180,184,1879,4388
4391=false=198,199,200,202,203,204
4392=false=185,187,191,192,1877,4390
4394=false=2399,4395,4396
4393=false=580,581,582,584,2397,2398,2399,2400,4405
4395=false=584,585,2399,2401,4394,4396,4397
4396=false=585,586,1815,2402,4394,4395
4397=false=584,588,2400,2401,4395,4406
4398=false=587,588,589,602,2401
4399=true=586,1815
4404=false=2040,2396,2397
4405=false=582,2396,2397,4393
4406=false=583,587,588,2400,4397
4408=true=572,2099,2100
4407=true=572,2099,4409
4409=true=2099,2100,4407
4410=true=537,2101
4412=false=535,536,537,538,2085,2101
4413=true=533,534,2029
4411=false=507,510,2062,2065,2075,4463,4513
4415=true=2026,4416
4414=false=533,538,1947,2027,2031,2085,4421
4416=true=540,1947,2026,2085,4415
4417=true=539,540,1947,2027
4418=true=539,2083,4419
4419=true=543,2083,2090,4418,4425
4420=false=539,1949,2027,2031,2083
4422=false=541,1949,2031,4421,4426
4421=false=533,2029,2031,2032,4414,4422,4426
4423=false=541,1949,2083,2090,4424
4424=false=532,541,2090,4423,4428
4425=false=543,2090,4419,4436,4439
4427=true=531,2030,2032,2033
4426=false=541,2032,2033,4421,4422
4428=false=532,541,569,2033,2035,4424
4429=true=530,2030,4431
4430=true=517,529,2036
4431=false=530,569,1946,2030,2033,4429
4433=false=529,545,2036,4432
4432=false=529,544,545,2034,4433,4435
4434=false=527,545,548,2036,4442,4453
4435=false=544,569,1946,1948,2034,2035,4432
4436=false=532,542,2035,2090,4425,4439
4437=false=544,545,1948,4438,4442,4443
4438=false=542,1948,2028,4437,4443,4444
4441=true=552,2049,2080,4448
4440=false=566,571,2040
4439=false=542,543,547,549,2037,2084,4425,4436
4442=false=545,548,4434,4437,4443
4444=false=542,2028,2037,2050,4438
4443=false=546,548,2028,2050,4437,4438,4442
4445=false=547,2050,2082,4446,4447
4446=false=547,2048,4445,4447,4448,4451
4448=false=2048,2049,2080,4441,4446,4451
4447=false=553,2082,4445,4446,4451,4452
4449=false=508,509,2075,2076,4511
4450=false=553,560,2038,2043,2049,4470,4471
4451=false=553,2049,4446,4447,4448
4453=false=526,527,2036,2056,4434
4452=false=551,553,2082,2098,4447
4454=true=515,521,2052,4455
4455=true=515,2051,4454
4456=false=503,521,2052,2053,2054,4457
4457=true=521,2051,2054,4456,4512
4458=false=546,550,551,2057,2092,4460
4459=false=550,559,740,2057,4466
4460=false=526,527,2057,2092,4458
4461=false=526,528,740,2057,2093
4462=false=518,2056,2058,2093,4480
4463=false=2065,4411,4507,4513
4464=false=518,519,525,528,2087,4465,4501
4467=false=550,2097,4466,4496
4465=false=519,524,525,4464,4500
4466=false=550,559,2059,4459,4467,4496
4468=false=550,551,2097
4472=false=558,2044,2096,4489
4471=false=560,2038,2081,2096,4450,4477
4469=false=558,560,2095,2098,4470
4470=false=553,560,2098,4450,4469
4473=false=567,568,2091,4474
4475=true=564,2039,4476,4479
4474=true=564,567,568,4473,4478
4476=false=561,2039,2081,4475,4477,4479
4477=true=561,2038,2081,4471,4476
4478=false=564,567,2046,4474
4479=false=563,564,2045,2046,2081,2096,4475,4476
4480=false=516,2053,2054,2056,2058,4462
4482=false=562,565,676,2071,4483,4514
4481=false=565,571,676,2042,4517
4483=false=557,562,2047,2071,4482,4484,4486
4484=false=557,2047,4483,4485,4488
4485=false=554,557,2070,4484,4488,4491
4486=false=562,563,2044,2045,2047,4483,4489
4487=false=558,2055,4488,4489,4490
4488=false=2047,2055,4484,4485,4487,4489,4491
4489=false=558,2044,2047,4472,4486,4487,4488
4490=false=555,558,2055,2095,4487
4491=false=554,2055,2094,4485,4488
4492=false=554,2069,2094,4494
4493=false=509,510,511,2062,2075
4494=false=2061,2069,2094,4492,4495,4497,4499
4495=false=523,555,2055,2094,4494,4497
4496=false=523,556,2059,2063,2097,4466,4467
4497=false=523,2063,4494,4495,4499
4498=false=522,524,2060,2061,4499
4499=false=524,2061,2063,4494,4497,4498
4500=false=519,520,522,524,4465
4501=false=518,2058,2087,4464
4502=false=514,519,2064,2066,2067,2087
4503=false=504,505,2088,4504,4505
4504=false=503,504,2088,4503
4505=false=505,513,2072,2088,4503
4506=false=503,513,514,2053,2067,2088
4507=false=512,2064,2065,2066,4463,4508,4513
4508=false=506,512,2086,4507,4513
4509=false=506,2078,2079,4510,4511
4512=true=516,517,2054,4457
4510=false=506,507,2076,4509,4511,4513
4513=false=506,507,4411,4463,4507,4508,4510
4511=false=508,2076,2077,2078,4449,4509,4510
4514=false=676,2071,4482,4515,4518
4516=false=2070,2128,4515
4515=false=2070,2071,4514,4516
4517=false=676,677,2130,4481
4518=false=676,677,4514,4519
4521=false=508,2073,2074
4519=false=677,705,4205,4518
4520=false=710,2074,2128
